# Energy(eV)  Abs(norm)
0.00000000 0.00000000
0.00156690 0.01169375
0.00313380 0.04226008
0.00470069 0.08079300
0.00626759 0.11588393
0.00783449 0.13717951
0.00940139 0.12576943
0.01096828 0.13394899
0.01253518 0.11158894
0.01410208 0.10182692
0.01566898 0.10013131
0.01723587 0.10241196
0.01880277 0.10687222
0.02036967 0.11422842
0.02193657 0.12326738
0.02350347 0.13101340
0.02507036 0.14081671
0.02663726 0.14451223
0.02820416 0.14998268
0.02977106 0.15146535
0.03133795 0.15464752
0.03290485 0.15690779
0.03447175 0.16150761
0.03603865 0.16429035
0.03760555 0.17057086
0.03917244 0.17349828
0.04073934 0.18225808
0.04230624 0.18879419
0.04387314 0.20201083
0.04544003 0.20662768
0.04700693 0.21712342
0.04857383 0.21557313
0.05014073 0.21510551
0.05170762 0.20728191
0.05327452 0.19832073
0.05484142 0.18676286
0.05640832 0.17652532
0.05797522 0.16030755
0.05954211 0.15010054
0.06110901 0.13249430
0.06267591 0.12593868
0.06424281 0.11371872
0.06580970 0.11248376
0.06737660 0.10545817
0.06894350 0.10378319
0.07051040 0.09802956
0.07207729 0.09161415
0.07364419 0.08492015
0.07521109 0.07926512
0.07677799 0.07134245
0.07834489 0.06759638
0.07991178 0.06049940
0.08147868 0.05781334
0.08304558 0.04969938
0.08461248 0.04766424
0.08617937 0.03968878
0.08774627 0.03773302
0.08931317 0.03146674
0.09088007 0.03128584
0.09244696 0.02774650
0.09401386 0.02955130
0.09558076 0.02813412
0.09714766 0.03106121
0.09871456 0.03011260
0.10028145 0.03252692
0.10184835 0.03065954
0.10341525 0.03264174
0.10498215 0.03058153
0.10654904 0.03238639
0.10811594 0.03121826
0.10968284 0.03341562
0.11124974 0.03153759
0.11281664 0.03346464
0.11438353 0.02986022
0.11595043 0.03104613
0.11751733 0.02628745
0.11908423 0.02742998
0.12065112 0.02316461
0.12221802 0.02566579
0.12378492 0.02256140
0.12535182 0.02556030
0.12691871 0.02309295
0.12848561 0.02637049
0.13005251 0.02322089
0.13161941 0.02715484
0.13318631 0.02318085
0.13475320 0.02759263
0.13632010 0.02377921
0.13788700 0.02760264
0.13945390 0.02394125
0.14102079 0.02737817
0.14258769 0.02336715
0.14415459 0.02724472
0.14572149 0.02316758
0.14728838 0.02803153
0.14885528 0.02436718
0.15042218 0.03028972
0.15198908 0.02646357
0.15355598 0.03304099
0.15512287 0.02879204
0.15668977 0.03567871
0.15825667 0.03240654
0.15982357 0.03993636
0.16139046 0.03879187
0.16295736 0.04815932
0.16452426 0.04914656
0.16609116 0.06465064
0.16765805 0.07062913
0.16922495 0.09066931
0.17079185 0.10157031
0.17235875 0.12039479
0.17392565 0.12470779
0.17549254 0.13154319
0.17705944 0.11896004
0.17862634 0.10888049
0.18019324 0.08416966
0.18176013 0.06641920
0.18332703 0.04172268
0.18489393 0.03169575
0.18646083 0.01588838
0.18802773 0.01550844
0.18959462 0.00875697
0.19116152 0.01277987
0.19272842 0.00999966
0.19429532 0.01652972
0.19586221 0.01663742
0.19742911 0.03165042
0.19899601 0.04448697
0.20056291 0.07810806
0.20212980 0.11993937
0.20369670 0.18129152
0.20526360 0.24214689
0.20683050 0.30547950
0.20839740 0.34970666
0.20996429 0.37604983
0.21153119 0.37175508
0.21309809 0.34859784
0.21466499 0.30701855
0.21623188 0.26640383
0.21779878 0.21774245
0.21936568 0.17976610
0.22093258 0.14616940
0.22249947 0.12033917
0.22406637 0.09657448
0.22563327 0.07889792
0.22720017 0.06300458
0.22876707 0.05061363
0.23033396 0.04118954
0.23190086 0.03293909
0.23346776 0.02895442
0.23503466 0.02655134
0.23660155 0.02509432
0.23816845 0.02381073
0.23973535 0.02359444
0.24130225 0.02189219
0.24286914 0.02078444
0.24443604 0.02055279
0.24600294 0.01929637
0.24756984 0.01950740
0.24913674 0.01916111
0.25070363 0.01948240
0.25227053 0.01895374
0.25383743 0.01866359
0.25540433 0.01798804
0.25697122 0.01672222
0.25853812 0.01537679
0.26010502 0.01384463
0.26167192 0.01208448
0.26323882 0.01120192
0.26480571 0.01001082
0.26637261 0.01014999
0.26793951 0.00989707
0.26950641 0.01075583
0.27107330 0.01090880
0.27264020 0.01161183
0.27420710 0.01162452
0.27577400 0.01183833
0.27734089 0.01157189
0.27890779 0.01140911
0.28047469 0.01123700
0.28204159 0.01140901
0.28360849 0.01095393
0.28517538 0.01137992
0.28674228 0.01081065
0.28830918 0.01112768
0.28987608 0.01069795
0.29144297 0.01105826
0.29300987 0.01096430
0.29457677 0.01160575
0.29614367 0.01162880
0.29771056 0.01219868
0.29927746 0.01221026
0.30084436 0.01275737
0.30241126 0.01237901
0.30397816 0.01292336
0.30554505 0.01239355
0.30711195 0.01290302
0.30867885 0.01242902
0.31024575 0.01298689
0.31181264 0.01268772
0.31337954 0.01332824
0.31494644 0.01302986
0.31651334 0.01361510
0.31808023 0.01330171
0.31964713 0.01364593
0.32121403 0.01320838
0.32278093 0.01353455
0.32434783 0.01297163
0.32591472 0.01361807
0.32748162 0.01335161
0.32904852 0.01424840
0.33061542 0.01427882
0.33218231 0.01544057
0.33374921 0.01541340
0.33531611 0.01640221
0.33688301 0.01624814
0.33844991 0.01687877
0.34001680 0.01647183
0.34158370 0.01671683
0.34315060 0.01608265
0.34471750 0.01649290
0.34628439 0.01587525
0.34785129 0.01719950
0.34941819 0.01732847
0.35098509 0.01958099
0.35255198 0.02060060
0.35411888 0.02331091
0.35568578 0.02450681
0.35725268 0.02686489
0.35881958 0.02782375
0.36038647 0.02980656
0.36195337 0.03104767
0.36352027 0.03270569
0.36508717 0.03422689
0.36665406 0.03639400
0.36822096 0.03803224
0.36978786 0.03999637
0.37135476 0.04202705
0.37292165 0.04459287
0.37448855 0.04815068
0.37605545 0.05195974
0.37762235 0.05718705
0.37918925 0.06145776
0.38075614 0.06579937
0.38232304 0.06672437
0.38388994 0.06750459
0.38545684 0.06404457
0.38702373 0.06178501
0.38859063 0.05668545
0.39015753 0.05368998
0.39172443 0.05049290
0.39329132 0.04902316
0.39485822 0.04857558
0.39642512 0.04913709
0.39799202 0.05193933
0.39955892 0.05613409
0.40112581 0.06218622
0.40269271 0.06838488
0.40425961 0.07740813
0.40582651 0.08359858
0.40739340 0.09344554
0.40896030 0.09716538
0.41052720 0.10823834
0.41209410 0.11586599
0.41366100 0.13212022
0.41522789 0.14435870
0.41679479 0.17029139
0.41836169 0.19163483
0.41992859 0.22310846
0.42149548 0.25773106
0.42306238 0.30342489
0.42462928 0.34348907
0.42619618 0.40424094
0.42776307 0.45396820
0.42932997 0.51556299
0.43089687 0.58043465
0.43246377 0.64408999
0.43403067 0.70352072
0.43559756 0.74813355
0.43716446 0.76485978
0.43873136 0.74143868
0.44029826 0.69637723
0.44186515 0.61309732
0.44343205 0.52685048
0.44499895 0.44218523
0.44656585 0.37586271
0.44813274 0.31711933
0.44969964 0.29730230
0.45126654 0.27002928
0.45283344 0.27839771
0.45440034 0.27233317
0.45596723 0.29483088
0.45753413 0.29231252
0.45910103 0.32270462
0.46066793 0.32713791
0.46223482 0.36897189
0.46380172 0.39976119
0.46536862 0.47395977
0.46693552 0.54427534
0.46850241 0.65129093
0.47006931 0.73972137
0.47163621 0.86102343
0.47320311 0.93018202
0.47477001 1.00000000
0.47633690 0.99983804
0.47790380 0.97924938
0.47947070 0.88538292
0.48103760 0.77990517
0.48260449 0.63314612
0.48417139 0.50996488
0.48573829 0.37976566
0.48730519 0.28496931
0.48887209 0.19284660
0.49043898 0.14759055
0.49200588 0.08861019
0.49357278 0.07097134
0.49513968 0.04357311
0.49670657 0.04204133
0.49827347 0.02902424
0.49984037 0.03255508
0.50140727 0.02151704
0.50297416 0.02567277
0.50454106 0.01099851
0.50610796 0.01530403
0.50767486 0.00135391
0.50924176 0.00664928
0.51080865 -0.00560806
0.51237555 0.00099744
0.51394245 -0.00835087
0.51550935 -0.00212173
0.51707624 -0.00947545
0.51864314 -0.00339777
0.52021004 -0.00985841
0.52177694 -0.00346438
0.52334383 -0.00996190
0.52491073 -0.00407294
0.52647763 -0.01036239
0.52804453 -0.00512839
0.52961143 -0.01174591
0.53117832 -0.00660740
0.53274522 -0.01258117
0.53431212 -0.00743718
0.53587902 -0.01239473
0.53744591 -0.00754495
0.53901281 -0.01190684
0.54057971 -0.00760353
0.54214661 -0.01197850
0.54371351 -0.00792802
0.54528040 -0.01177832
0.54684730 -0.00816111
0.54841420 -0.01133663
0.54998110 -0.00781331
0.55154799 -0.01072963
0.55311489 -0.00763837
0.55468179 -0.01031184
0.55624869 -0.00730019
0.55781558 -0.01000959
0.55938248 -0.00715076
0.56094938 -0.00986706
0.56251628 -0.00731369
0.56408318 -0.00996870
0.56565007 -0.00794915
0.56721697 -0.01020013
0.56878387 -0.00810726
0.57035077 -0.01002931
0.57191766 -0.00786119
0.57348456 -0.00963822
0.57505146 -0.00756022
0.57661836 -0.00967509
0.57818525 -0.00765407
0.57975215 -0.00998245
0.58131905 -0.00780791
0.58288595 -0.01010704
0.58445285 -0.00794119
0.58601974 -0.00992258
0.58758664 -0.00760720
0.58915354 -0.00945811
0.59072044 -0.00715427
0.59228733 -0.00906388
0.59385423 -0.00682902
0.59542113 -0.00900890
0.59698803 -0.00684004
0.59855492 -0.00920824
0.60012182 -0.00699373
0.60168872 -0.00928175
0.60325562 -0.00706521
0.60482252 -0.00917698
0.60638941 -0.00683238
0.60795631 -0.00881374
0.60952321 -0.00646623
0.61109011 -0.00845644
0.61265700 -0.00614746
0.61422390 -0.00832348
0.61579080 -0.00605417
0.61735770 -0.00838154
0.61892460 -0.00620622
0.62049149 -0.00830731
0.62205839 -0.00610904
0.62362529 -0.00779757
0.62519219 -0.00530452
0.62675908 -0.00663381
0.62832598 -0.00410945
0.62989288 -0.00546450
0.63145978 -0.00339780
0.63302667 -0.00508990
0.63459357 -0.00333631
0.63616047 -0.00539984
0.63772737 -0.00371848
0.63929427 -0.00566802
0.64086116 -0.00397068
0.64242806 -0.00560027
0.64399496 -0.00384055
0.64556186 -0.00536641
0.64712875 -0.00358529
0.64869565 -0.00518219
0.65026255 -0.00368064
0.65182945 -0.00538956
0.65339634 -0.00402366
0.65496324 -0.00578752
0.65653014 -0.00425585
0.65809704 -0.00602790
0.65966394 -0.00431047
0.66123083 -0.00600205
0.66279773 -0.00421347
0.66436463 -0.00592511
0.66593153 -0.00411212
0.66749842 -0.00585945
0.66906532 -0.00410740
0.67063222 -0.00575890
0.67219912 -0.00410523
0.67376601 -0.00564625
0.67533291 -0.00390573
0.67689981 -0.00547419
0.67846671 -0.00373955
0.68003361 -0.00531628
0.68160050 -0.00373243
0.68316740 -0.00531677
0.68473430 -0.00376169
0.68630120 -0.00533441
0.68786809 -0.00378724
0.68943499 -0.00533454
0.69100189 -0.00390126
0.69256879 -0.00539338
0.69413569 -0.00406147
0.69570258 -0.00551686
0.69726948 -0.00408148
0.69883638 -0.00533145
0.70040328 -0.00389962
0.70197017 -0.00503309
0.70353707 -0.00359035
0.70510397 -0.00474969
0.70667087 -0.00345535
0.70823776 -0.00471593
0.70980466 -0.00355343
0.71137156 -0.00482058
0.71293846 -0.00377927
0.71450536 -0.00497038
0.71607225 -0.00386791
0.71763915 -0.00493469
0.71920605 -0.00382697
0.72077295 -0.00481458
0.72233984 -0.00368596
0.72390674 -0.00467321
0.72547364 -0.00358310
0.72704054 -0.00455321
0.72860743 -0.00352212
0.73017433 -0.00452235
0.73174123 -0.00353903
0.73330813 -0.00454810
0.73487503 -0.00360613
0.73644192 -0.00456712
0.73800882 -0.00363622
0.73957572 -0.00449958
0.74114262 -0.00358806
0.74270951 -0.00439253
0.74427641 -0.00344680
0.74584331 -0.00423695
0.74741021 -0.00331730
0.74897710 -0.00409881
0.75054400 -0.00321527
0.75211090 -0.00405151
0.75367780 -0.00316395
0.75524470 -0.00401953
0.75681159 -0.00313121
0.75837849 -0.00393233
0.75994539 -0.00305320
0.76151229 -0.00378352
0.76307918 -0.00292142
0.76464608 -0.00364192
0.76621298 -0.00280508
0.76777988 -0.00354984
0.76934678 -0.00275563
0.77091367 -0.00354563
0.77248057 -0.00276093
0.77404747 -0.00356216
0.77561437 -0.00275936
0.77718126 -0.00355166
0.77874816 -0.00274470
0.78031506 -0.00351391
0.78188196 -0.00276819
0.78344885 -0.00354358
0.78501575 -0.00281113
0.78658265 -0.00356878
0.78814955 -0.00277093
0.78971645 -0.00346716
0.79128334 -0.00262301
0.79285024 -0.00328109
0.79441714 -0.00245081
0.79598404 -0.00312991
0.79755093 -0.00235720
0.79911783 -0.00304731
0.80068473 -0.00235027
0.80225163 -0.00308765
0.80381852 -0.00240937
0.80538542 -0.00315518
0.80695232 -0.00246309
0.80851922 -0.00319495
0.81008612 -0.00247413
0.81165301 -0.00314687
0.81321991 -0.00242102
0.81478681 -0.00301604
0.81635371 -0.00227052
0.81792060 -0.00279740
0.81948750 -0.00201297
0.82105440 -0.00261897
0.82262130 -0.00182263
0.82418819 -0.00251836
0.82575509 -0.00176531
0.82732199 -0.00252966
0.82888889 -0.00183386
0.83045579 -0.00258881
0.83202268 -0.00194147
0.83358958 -0.00264058
0.83515648 -0.00197687
0.83672338 -0.00258500
0.83829027 -0.00180456
0.83985717 -0.00244430
0.84142407 -0.00138177
0.84299097 -0.00210639
0.84455787 -0.00076863
0.84612476 -0.00152077
0.84769166 -0.00021301
0.84925856 -0.00108334
0.85082546 -0.00012864
0.85239235 -0.00123529
0.85395925 -0.00048749
0.85552615 -0.00146184
0.85709305 -0.00052641
0.85865994 -0.00128262
0.86022684 0.00008452
0.86179374 -0.00083318
0.86336064 0.00065034
0.86492754 -0.00062452
0.86649443 0.00072627
0.86806133 -0.00077810
0.86962823 0.00048466
0.87119513 -0.00108101
0.87276202 0.00017416
0.87432892 -0.00139099
0.87589582 -0.00010383
0.87746272 -0.00167897
0.87902961 -0.00050110
0.88059651 -0.00203321
0.88216341 -0.00075111
0.88373031 -0.00207471
0.88529721 -0.00031681
0.88686410 -0.00154609
0.88843100 0.00045515
0.88999790 -0.00078072
0.89156480 0.00106997
0.89313169 -0.00067331
0.89469859 0.00110693
0.89626549 -0.00081715
0.89783239 0.00083391
0.89939928 -0.00079822
0.90096618 0.00072558
0.90253308 -0.00084243
0.90409998 0.00063341
0.90566688 -0.00113127
0.90723377 0.00008157
0.90880067 -0.00177607
0.91036757 -0.00046414
0.91193447 -0.00230706
0.91350136 -0.00072268
0.91506826 -0.00248866
0.91663516 -0.00086255
0.91820206 -0.00252169
0.91976896 -0.00103216
0.92133585 -0.00266664
0.92290275 -0.00121198
0.92446965 -0.00262026
0.92603655 -0.00110108
0.92760344 -0.00231606
0.92917034 -0.00060711
0.93073724 -0.00190404
0.93230414 -0.00018629
0.93387103 -0.00164738
0.93543793 -0.00022589
0.93700483 -0.00173856
0.93857173 -0.00035453
0.94013863 -0.00180708
0.94170552 -0.00035195
0.94327242 -0.00177037
0.94483932 -0.00033682
0.94640622 -0.00186937
0.94797311 -0.00059701
0.94954001 -0.00218595
0.95110691 -0.00084967
0.95267381 -0.00235564
0.95424070 -0.00096618
0.95580760 -0.00226738
0.95737450 -0.00091835
0.95894140 -0.00223914
0.96050830 -0.00083563
0.96207519 -0.00225658
0.96364209 -0.00087679
0.96520899 -0.00233652
0.96677589 -0.00100192
0.96834278 -0.00246770
0.96990968 -0.00114611
0.97147658 -0.00257081
0.97304348 -0.00122251
0.97461037 -0.00258003
0.97617727 -0.00127665
0.97774417 -0.00258879
0.97931107 -0.00129182
0.98087797 -0.00262982
0.98244486 -0.00129825
0.98401176 -0.00257666
0.98557866 -0.00122454
0.98714556 -0.00249315
0.98871245 -0.00110431
0.99027935 -0.00239892
0.99184625 -0.00102816
0.99341315 -0.00234115
0.99498005 -0.00101144
0.99654694 -0.00233863
0.99811384 -0.00102547
0.99968074 -0.00234847
1.00124764 -0.00104197
1.00281453 -0.00233297
1.00438143 -0.00102616
1.00594833 -0.00231994
1.00751523 -0.00101276
1.00908212 -0.00233819
1.01064902 -0.00104965
1.01221592 -0.00236619
1.01378282 -0.00108560
1.01534972 -0.00238652
1.01691661 -0.00108338
1.01848351 -0.00236753
1.02005041 -0.00106200
1.02161731 -0.00234537
1.02318420 -0.00103935
1.02475110 -0.00233524
1.02631800 -0.00102755
1.02788490 -0.00232592
1.02945179 -0.00101501
1.03101869 -0.00231165
1.03258559 -0.00099573
1.03415249 -0.00230075
1.03571939 -0.00097963
1.03728628 -0.00229060
1.03885318 -0.00097609
1.04042008 -0.00229345
1.04198698 -0.00097665
1.04355387 -0.00229725
1.04512077 -0.00098397
1.04668767 -0.00227736
1.04825457 -0.00094686
1.04982146 -0.00221651
1.05138836 -0.00087428
1.05295526 -0.00214568
1.05452216 -0.00080913
1.05608906 -0.00210590
1.05765595 -0.00080353
1.05922285 -0.00212513
1.06078975 -0.00083365
1.06235665 -0.00215373
1.06392354 -0.00087702
1.06549044 -0.00218630
1.06705734 -0.00088693
1.06862424 -0.00218218
1.07019114 -0.00088778
1.07175803 -0.00217177
1.07332493 -0.00087785
1.07489183 -0.00215390
1.07645873 -0.00085652
1.07802562 -0.00212903
1.07959252 -0.00083226
1.08115942 -0.00208897
1.08272632 -0.00080398
1.08429321 -0.00206829
1.08586011 -0.00078367
1.08742701 -0.00205628
1.08899391 -0.00076775
1.09056081 -0.00204589
1.09212770 -0.00077119
1.09369460 -0.00204981
1.09526150 -0.00078708
1.09682840 -0.00205278
1.09839529 -0.00080374
1.09996219 -0.00205574
1.10152909 -0.00080041
1.10309599 -0.00204622
1.10466288 -0.00078286
1.10622978 -0.00202979
1.10779668 -0.00076414
1.10936358 -0.00201082
1.11093048 -0.00074397
1.11249737 -0.00198882
1.11406427 -0.00072840
1.11563117 -0.00195452
1.11719807 -0.00070184
1.11876496 -0.00192383
1.12033186 -0.00067692
1.12189876 -0.00190165
1.12346566 -0.00065669
1.12503256 -0.00188885
1.12659945 -0.00064925
1.12816635 -0.00188489
1.12973325 -0.00065373
1.13130015 -0.00189319
1.13286704 -0.00067019
1.13443394 -0.00189951
1.13600084 -0.00067470
1.13756774 -0.00189178
1.13913463 -0.00066521
1.14070153 -0.00187401
1.14226843 -0.00065182
1.14383533 -0.00186140
1.14540223 -0.00064560
1.14696912 -0.00184946
1.14853602 -0.00063563
1.15010292 -0.00183344
1.15166982 -0.00062013
1.15323671 -0.00181000
1.15480361 -0.00060004
1.15637051 -0.00179209
1.15793741 -0.00058705
1.15950430 -0.00178299
1.16107120 -0.00059087
1.16263810 -0.00179002
1.16420500 -0.00060660
1.16577190 -0.00179675
1.16733879 -0.00061574
1.16890569 -0.00179271
1.17047259 -0.00060790
1.17203949 -0.00177650
1.17360638 -0.00059176
1.17517328 -0.00175830
1.17674018 -0.00057569
1.17830708 -0.00174593
1.17987397 -0.00056785
1.18144087 -0.00174166
1.18300777 -0.00057011
1.18457467 -0.00174168
1.18614157 -0.00057545
1.18770846 -0.00173806
1.18927536 -0.00056915
1.19084226 -0.00172579
1.19240916 -0.00055464
1.19397605 -0.00170673
1.19554295 -0.00053993
1.19710985 -0.00169163
1.19867675 -0.00052859
1.20024365 -0.00167962
1.20181054 -0.00052088
1.20337744 -0.00167194
1.20494434 -0.00051706
1.20651124 -0.00166967
1.20807813 -0.00052114
1.20964503 -0.00167257
1.21121193 -0.00052571
1.21277883 -0.00167103
1.21434572 -0.00052319
1.21591262 -0.00166051
1.21747952 -0.00050980
1.21904642 -0.00163981
1.22061332 -0.00049404
1.22218021 -0.00162087
1.22374711 -0.00048089
1.22531401 -0.00160898
1.22688091 -0.00047464
1.22844780 -0.00160140
1.23001470 -0.00047466
1.23158160 -0.00160066
1.23314850 -0.00047753
1.23471539 -0.00159843
1.23628229 -0.00047082
1.23784919 -0.00158422
1.23941609 -0.00045542
1.24098299 -0.00156652
1.24254988 -0.00044858
1.24411678 -0.00156111
1.24568368 -0.00045245
1.24725058 -0.00156095
1.24881747 -0.00045255
1.25038437 -0.00155331
1.25195127 -0.00044548
1.25351817 -0.00154591
1.25508506 -0.00043247
1.25665196 -0.00153017
1.25821886 -0.00041601
1.25978576 -0.00150902
1.26135266 -0.00040744
1.26291955 -0.00150122
1.26448645 -0.00041232
1.26605335 -0.00150724
1.26762025 -0.00042260
1.26918714 -0.00150752
1.27075404 -0.00041894
1.27232094 -0.00149403
1.27388784 -0.00039894
1.27545474 -0.00146515
1.27702163 -0.00036666
1.27858853 -0.00143010
1.28015543 -0.00034246
1.28172233 -0.00141317
1.28328922 -0.00034152
1.28485612 -0.00142896
1.28642302 -0.00036676
1.28798992 -0.00145260
1.28955681 -0.00039664
1.29112371 -0.00147339
1.29269061 -0.00040943
1.29425751 -0.00146895
1.29582441 -0.00040326
1.29739130 -0.00145083
1.29895820 -0.00037850
1.30052510 -0.00141542
1.30209200 -0.00034566
1.30365889 -0.00138401
1.30522579 -0.00031804
1.30679269 -0.00136282
1.30835959 -0.00031673
1.30992648 -0.00136764
1.31149338 -0.00033341
1.31306028 -0.00137262
1.31462718 -0.00033315
1.31619408 -0.00134797
1.31776097 -0.00029826
1.31932787 -0.00130072
1.32089477 -0.00025862
1.32246167 -0.00128060
1.32402856 -0.00026985
1.32559546 -0.00131831
1.32716236 -0.00031812
1.32872926 -0.00137479
1.33029615 -0.00036737
1.33186305 -0.00139756
1.33342995 -0.00037474
1.33499685 -0.00137999
1.33656375 -0.00035257
1.33813064 -0.00134876
1.33969754 -0.00031273
1.34126444 -0.00132482
1.34283134 -0.00029428
1.34439823 -0.00132593
1.34596513 -0.00029700
1.34753203 -0.00135407
1.34909893 -0.00032207
1.35066583 -0.00137556
1.35223272 -0.00033980
1.35379962 -0.00137708
1.35536652 -0.00033389
1.35693342 -0.00135936
1.35850031 -0.00030414
1.36006721 -0.00133170
1.36163411 -0.00027911
1.36320101 -0.00130438
1.36476790 -0.00025237
1.36633480 -0.00128764
1.36790170 -0.00023358
1.36946860 -0.00128089
1.37103550 -0.00024289
1.37260239 -0.00129250
1.37416929 -0.00026946
1.37573619 -0.00132052
1.37730309 -0.00028567
1.37886998 -0.00132554
1.38043688 -0.00028418
1.38200378 -0.00131340
1.38357068 -0.00027656
1.38513757 -0.00129705
1.38670447 -0.00026596
1.38827137 -0.00129008
1.38983827 -0.00025877
1.39140517 -0.00128080
1.39297206 -0.00025499
1.39453896 -0.00127587
1.39610586 -0.00025135
1.39767276 -0.00127787
1.39923965 -0.00024944
1.40080655 -0.00127449
1.40237345 -0.00023789
1.40394035 -0.00124857
1.40550724 -0.00021144
1.40707414 -0.00120727
1.40864104 -0.00018086
1.41020794 -0.00119222
1.41177484 -0.00017898
1.41334173 -0.00120574
1.41490863 -0.00020418
1.41647553 -0.00124202
1.41804243 -0.00023513
1.41960932 -0.00127188
1.42117622 -0.00025559
1.42274312 -0.00128683
1.42431002 -0.00026177
1.42587692 -0.00128123
1.42744381 -0.00024957
1.42901071 -0.00126022
1.43057761 -0.00022351
1.43214451 -0.00123744
1.43371140 -0.00020081
1.43527830 -0.00122536
1.43684520 -0.00019619
1.43841210 -0.00123141
1.43997899 -0.00020212
1.44154589 -0.00123817
1.44311279 -0.00020367
1.44467969 -0.00124289
1.44624659 -0.00020322
1.44781348 -0.00123804
1.44938038 -0.00020204
1.45094728 -0.00123665
1.45251418 -0.00019482
1.45408107 -0.00123062
1.45564797 -0.00018478
1.45721487 -0.00122229
1.45878177 -0.00017769
1.46034866 -0.00121856
1.46191556 -0.00017707
1.46348246 -0.00122208
1.46504936 -0.00018213
1.46661626 -0.00122206
1.46818315 -0.00018158
1.46975005 -0.00121607
1.47131695 -0.00017332
1.47288385 -0.00120916
1.47445074 -0.00016639
1.47601764 -0.00120545
1.47758454 -0.00016564
1.47915144 -0.00120439
1.48071833 -0.00016459
1.48228523 -0.00119989
1.48385213 -0.00016079
1.48541903 -0.00119346
1.48698593 -0.00015489
1.48855282 -0.00118683
1.49011972 -0.00014967
1.49168662 -0.00118130
1.49325352 -0.00014563
1.49482041 -0.00117712
1.49638731 -0.00014289
1.49795421 -0.00117360
1.49952111 -0.00014062
1.50108801 -0.00117001
1.50265490 -0.00013715
1.50422180 -0.00116609
1.50578870 -0.00013450
1.50735560 -0.00116363
1.50892249 -0.00013426
1.51048939 -0.00116219
1.51205629 -0.00013409
1.51362319 -0.00115955
1.51519008 -0.00012983
1.51675698 -0.00115284
1.51832388 -0.00012351
1.51989078 -0.00114542
1.52145768 -0.00011794
1.52302457 -0.00114152
1.52459147 -0.00011480
1.52615837 -0.00113832
1.52772527 -0.00011267
1.52929216 -0.00113501
1.53085906 -0.00011009
1.53242596 -0.00113153
1.53399286 -0.00010800
1.53555975 -0.00112831
1.53712665 -0.00010570
1.53869355 -0.00112422
1.54026045 -0.00010244
1.54182735 -0.00112110
1.54339424 -0.00009922
1.54496114 -0.00111835
1.54652804 -0.00009793
1.54809494 -0.00111606
1.54966183 -0.00009637
1.55122873 -0.00111320
1.55279563 -0.00009387
1.55436253 -0.00110898
1.55592942 -0.00009031
1.55749632 -0.00110435
1.55906322 -0.00008662
1.56063012 -0.00110048
1.56219702 -0.00008364
1.56376391 -0.00109764
1.56533081 -0.00008127
1.56689771 -0.00109504
1.56846461 -0.00007987
1.57003150 -0.00109289
1.57159840 -0.00007869
1.57316530 -0.00109116
1.57473220 -0.00007757
1.57629910 -0.00108987
1.57786599 -0.00007666
1.57943289 -0.00108860
1.58099979 -0.00007632
1.58256669 -0.00108680
1.58413358 -0.00007535
1.58570048 -0.00108445
1.58726738 -0.00007273
1.58883428 -0.00108126
1.59040117 -0.00006981
1.59196807 -0.00107752
1.59353497 -0.00006627
1.59510187 -0.00107380
1.59666877 -0.00006292
1.59823566 -0.00107045
1.59980256 -0.00006028
1.60136946 -0.00106747
1.60293636 -0.00005821
1.60450325 -0.00106444
1.60607015 -0.00005551
1.60763705 -0.00106074
1.60920395 -0.00005281
1.61077084 -0.00105741
1.61233774 -0.00005036
1.61390464 -0.00105482
1.61547154 -0.00004839
1.61703844 -0.00105216
1.61860533 -0.00004586
1.62017223 -0.00104886
1.62173913 -0.00004327
1.62330603 -0.00104666
1.62487292 -0.00004144
1.62643982 -0.00104472
1.62800672 -0.00004106
1.62957362 -0.00104323
1.63114052 -0.00004042
1.63270741 -0.00104158
1.63427431 -0.00003944
1.63584121 -0.00103964
1.63740811 -0.00003722
1.63897500 -0.00103605
1.64054190 -0.00003455
1.64210880 -0.00103262
1.64367570 -0.00003159
1.64524259 -0.00103022
1.64680949 -0.00003017
1.64837639 -0.00102852
1.64994329 -0.00002964
1.65151019 -0.00102664
1.65307708 -0.00002919
1.65464398 -0.00102444
1.65621088 -0.00002694
1.65777778 -0.00102009
1.65934467 -0.00002264
1.66091157 -0.00101422
1.66247847 -0.00001734
1.66404537 -0.00100996
1.66561226 -0.00001461
1.66717916 -0.00100838
1.66874606 -0.00001485
1.67031296 -0.00100769
1.67187986 -0.00001507
1.67344675 -0.00100576
1.67501365 -0.00001292
1.67658055 -0.00100237
1.67814745 -0.00000964
1.67971434 -0.00099905
1.68128124 -0.00000757
1.68284814 -0.00099758
1.68441504 -0.00000729
1.68598193 -0.00099700
1.68754883 -0.00000752
1.68911573 -0.00099535
1.69068263 -0.00000571
1.69224953 -0.00099232
1.69381642 -0.00000265
1.69538332 -0.00098853
1.69695022 0.00000038
1.69851712 -0.00098578
1.70008401 0.00000211
1.70165091 -0.00098319
1.70321781 0.00000438
1.70478471 -0.00097878
1.70635161 0.00000880
1.70791850 -0.00097324
1.70948540 0.00001336
1.71105230 -0.00097078
1.71261920 0.00001332
1.71418609 -0.00097188
1.71575299 0.00001018
1.71731989 -0.00097387
1.71888679 0.00000955
1.72045368 -0.00097142
1.72202058 0.00001270
1.72358748 -0.00096598
1.72515438 0.00001724
1.72672128 -0.00096190
1.72828817 0.00001943
1.72985507 -0.00096128
1.73142197 0.00001947
1.73298887 -0.00096041
1.73455576 0.00002010
1.73612266 -0.00095783
1.73768956 0.00002290
1.73925646 -0.00095444
1.74082335 0.00002494
1.74239025 -0.00095235
1.74395715 0.00002603
1.74552405 -0.00095088
1.74709095 0.00002766
1.74865784 -0.00094830
1.75022474 0.00003062
1.75179164 -0.00094506
1.75335854 0.00003313
1.75492543 -0.00094354
1.75649233 0.00003364
1.75805923 -0.00094334
1.75962613 0.00003269
1.76119302 -0.00094341
1.76275992 0.00003346
1.76432682 -0.00094066
1.76589372 0.00003723
1.76746062 -0.00093619
1.76902751 0.00004098
1.77059441 -0.00093350
1.77216131 0.00004211
1.77372821 -0.00093389
1.77529510 0.00004173
1.77686200 -0.00093355
1.77842890 0.00004307
1.77999580 -0.00093027
1.78156270 0.00004614
1.78312959 -0.00092696
1.78469649 0.00004923
1.78626339 -0.00092384
1.78783029 0.00005115
1.78939718 -0.00092289
1.79096408 0.00005242
1.79253098 -0.00092230
1.79409788 0.00005194
1.79566477 -0.00092287
1.79723167 0.00005226
1.79879857 -0.00092069
1.80036547 0.00005423
1.80193237 -0.00091784
1.80349926 0.00005676
1.80506616 -0.00091557
1.80663306 0.00005716
1.80819996 -0.00091509
1.80976685 0.00005804
1.81133375 -0.00091317
1.81290065 0.00006143
1.81446755 -0.00090923
1.81603444 0.00006509
1.81760134 -0.00090580
1.81916824 0.00006733
1.82073514 -0.00090346
1.82230204 0.00006799
1.82386893 -0.00090175
1.82543583 0.00006895
1.82700273 -0.00090005
1.82856963 0.00006956
1.83013652 -0.00089879
1.83170342 0.00007098
1.83327032 -0.00089714
1.83483722 0.00007295
1.83640411 -0.00089509
1.83797101 0.00007444
1.83953791 -0.00089250
1.84110481 0.00007666
1.84267171 -0.00088879
1.84423860 0.00007993
1.84580550 -0.00088470
1.84737240 0.00008324
1.84893930 -0.00088234
1.85050619 0.00008402
1.85207309 -0.00088280
1.85363999 0.00008338
1.85520689 -0.00088437
1.85677379 0.00008142
1.85834068 -0.00088477
1.85990758 0.00008140
1.86147448 -0.00088292
1.86304138 0.00008384
1.86460827 -0.00087890
1.86617517 0.00008763
1.86774207 -0.00087604
1.86930897 0.00008899
1.87087586 -0.00087565
1.87244276 0.00008794
1.87400966 -0.00087613
1.87557656 0.00008775
1.87714346 -0.00087485
1.87871035 0.00008969
1.88027725 -0.00087153
1.88184415 0.00009193
1.88341105 -0.00086968
1.88497794 0.00009273
1.88654484 -0.00086933
1.88811174 0.00009237
1.88967864 -0.00086909
1.89124553 0.00009300
1.89281243 -0.00086682
1.89437933 0.00009529
1.89594623 -0.00086447
1.89751313 0.00009679
1.89908002 -0.00086334
1.90064692 0.00009706
1.90221382 -0.00086369
1.90378072 0.00009649
1.90534761 -0.00086299
1.90691451 0.00009680
1.90848141 -0.00086133
1.91004831 0.00009888
1.91161520 -0.00085834
1.91318210 0.00010226
1.91474900 -0.00085456
1.91631590 0.00010552
1.91788280 -0.00085220
1.91944969 0.00010673
1.92101659 -0.00085174
1.92258349 0.00010630
1.92415039 -0.00085126
1.92571728 0.00010639
1.92728418 -0.00084981
1.92885108 0.00010795
1.93041798 -0.00084724
1.93198488 0.00010953
1.93355177 -0.00084508
1.93511867 0.00011146
1.93668557 -0.00084267
1.93825247 0.00011337
1.93981936 -0.00083995
1.94138626 0.00011552
1.94295316 -0.00083737
1.94452006 0.00011707
1.94608695 -0.00083586
1.94765385 0.00011784
1.94922075 -0.00083486
1.95078765 0.00011820
1.95235455 -0.00083349
1.95392144 0.00011939
1.95548834 -0.00083164
1.95705524 0.00012055
1.95862214 -0.00082989
1.96018903 0.00012122
1.96175593 -0.00082922
1.96332283 0.00012183
1.96488973 -0.00082787
1.96645662 0.00012307
1.96802352 -0.00082591
1.96959042 0.00012472
1.97115732 -0.00082406
1.97272422 0.00012576
1.97429111 -0.00082272
1.97585801 0.00012684
1.97742491 -0.00082094
1.97899181 0.00012822
1.98055870 -0.00081917
1.98212560 0.00012996
1.98369250 -0.00081727
1.98525940 0.00013100
1.98682629 -0.00081558
1.98839319 0.00013207
1.98996009 -0.00081431
1.99152699 0.00013257
1.99309389 -0.00081390
1.99466078 0.00013238
1.99622768 -0.00081388
1.99779458 0.00013179
1.99936148 -0.00081378
2.00092837 0.00013205
2.00249527 -0.00081287
2.00406217 0.00013271
2.00562907 -0.00081149
2.00719597 0.00013346
2.00876286 -0.00081003
2.01032976 0.00013487
2.01189666 -0.00080835
2.01346356 0.00013669
2.01503045 -0.00080632
2.01659735 0.00013806
2.01816425 -0.00080436
2.01973115 0.00013970
2.02129804 -0.00080187
2.02286494 0.00014225
2.02443184 -0.00079883
2.02599874 0.00014495
2.02756564 -0.00079643
2.02913253 0.00014630
2.03069943 -0.00079576
2.03226633 0.00014609
2.03383323 -0.00079560
2.03540012 0.00014584
2.03696702 -0.00079534
2.03853392 0.00014632
2.04010082 -0.00079431
2.04166771 0.00014674
2.04323461 -0.00079348
2.04480151 0.00014696
2.04636841 -0.00079269
2.04793531 0.00014760
2.04950220 -0.00079143
2.05106910 0.00014924
2.05263600 -0.00078845
2.05420290 0.00015188
2.05576979 -0.00078528
2.05733669 0.00015469
2.05890359 -0.00078314
2.06047049 0.00015559
2.06203738 -0.00078256
2.06360428 0.00015529
2.06517118 -0.00078249
2.06673808 0.00015524
2.06830498 -0.00078170
2.06987187 0.00015627
2.07143877 -0.00078010
2.07300567 0.00015722
2.07457257 -0.00077903
2.07613946 0.00015775
2.07770636 -0.00077861
2.07927326 0.00015753
2.08084016 -0.00077853
2.08240706 0.00015759
2.08397395 -0.00077793
2.08554085 0.00015798
2.08710775 -0.00077634
2.08867465 0.00015963
2.09024154 -0.00077387
2.09180844 0.00016189
2.09337534 -0.00077213
2.09494224 0.00016283
2.09650913 -0.00077150
2.09807603 0.00016234
2.09964293 -0.00077180
2.10120983 0.00016190
2.10277673 -0.00077123
2.10434362 0.00016184
2.10591052 -0.00077019
2.10747742 0.00016196
2.10904432 -0.00076941
2.11061121 0.00016277
2.11217811 -0.00076826
2.11374501 0.00016405
2.11531191 -0.00076636
2.11687880 0.00016570
2.11844570 -0.00076402
2.12001260 0.00016762
2.12157950 -0.00076166
2.12314640 0.00016979
2.12471329 -0.00075917
2.12628019 0.00017121
2.12784709 -0.00075768
2.12941399 0.00017202
2.13098088 -0.00075707
2.13254778 0.00017228
2.13411468 -0.00075653
2.13568158 0.00017219
2.13724847 -0.00075592
2.13881537 0.00017244
2.14038227 -0.00075510
2.14194917 0.00017383
2.14351607 -0.00075353
2.14508296 0.00017533
2.14664986 -0.00075191
2.14821676 0.00017601
2.14978366 -0.00075199
2.15135055 0.00017549
2.15291745 -0.00075243
2.15448435 0.00017475
2.15605125 -0.00075195
2.15761815 0.00017536
2.15918504 -0.00075031
2.16075194 0.00017766
2.16231884 -0.00074761
2.16388574 0.00018081
2.16545263 -0.00074443
2.16701953 0.00018322
2.16858643 -0.00074219
2.17015333 0.00018448
2.17172022 -0.00074152
2.17328712 0.00018456
2.17485402 -0.00074125
2.17642092 0.00018440
2.17798782 -0.00074094
2.17955471 0.00018432
2.18112161 -0.00074039
2.18268851 0.00018483
2.18425541 -0.00073939
2.18582230 0.00018605
2.18738920 -0.00073758
2.18895610 0.00018768
2.19052300 -0.00073586
2.19208989 0.00018890
2.19365679 -0.00073506
2.19522369 0.00018895
2.19679059 -0.00073528
2.19835749 0.00018835
2.19992438 -0.00073563
2.20149128 0.00018745
2.20305818 -0.00073531
2.20462508 0.00018746
2.20619197 -0.00073414
2.20775887 0.00018919
2.20932577 -0.00073128
2.21089267 0.00019214
2.21245957 -0.00072835
2.21402646 0.00019422
2.21559336 -0.00072730
2.21716026 0.00019389
2.21872716 -0.00072836
2.22029405 0.00019260
2.22186095 -0.00072859
2.22342785 0.00019246
2.22499475 -0.00072646
2.22656164 0.00019428
2.22812854 -0.00072352
2.22969544 0.00019646
2.23126234 -0.00072155
2.23282924 0.00019738
2.23439613 -0.00072126
2.23596303 0.00019686
2.23752993 -0.00072162
2.23909683 0.00019617
2.24066372 -0.00072215
2.24223062 0.00019568
2.24379752 -0.00072196
2.24536442 0.00019543
2.24693131 -0.00072086
2.24849821 0.00019642
2.25006511 -0.00071885
2.25163201 0.00019822
2.25319891 -0.00071660
2.25476580 0.00019976
2.25633270 -0.00071522
2.25789960 0.00020072
2.25946650 -0.00071410
2.26103339 0.00020163
2.26260029 -0.00071327
2.26416719 0.00020236
2.26573409 -0.00071268
2.26730098 0.00020226
2.26886788 -0.00071281
2.27043478 0.00020160
2.27200168 -0.00071288
2.27356858 0.00020108
2.27513547 -0.00071249
2.27670237 0.00020195
2.27826927 -0.00071087
2.27983617 0.00020354
2.28140306 -0.00070874
2.28296996 0.00020583
2.28453686 -0.00070623
2.28610376 0.00020750
2.28767066 -0.00070467
2.28923755 0.00020828
2.29080445 -0.00070402
2.29237135 0.00020796
2.29393825 -0.00070374
2.29550514 0.00020791
2.29707204 -0.00070253
2.29863894 0.00020901
2.30020584 -0.00070087
2.30177273 0.00021077
2.30333963 -0.00069912
2.30490653 0.00021132
2.30647343 -0.00069879
2.30804033 0.00021038
2.30960722 -0.00069975
2.31117412 0.00020961
2.31274102 -0.00069936
2.31430792 0.00021004
2.31587481 -0.00069718
2.31744171 0.00021187
2.31900861 -0.00069498
2.32057551 0.00021352
2.32214240 -0.00069346
2.32370930 0.00021439
2.32527620 -0.00069236
2.32684310 0.00021514
2.32841000 -0.00069154
2.32997689 0.00021573
2.33154379 -0.00069088
2.33311069 0.00021567
2.33467759 -0.00069088
2.33624448 0.00021527
2.33781138 -0.00069090
2.33937828 0.00021548
2.34094518 -0.00068981
2.34251207 0.00021665
2.34407897 -0.00068800
2.34564587 0.00021823
2.34721277 -0.00068644
2.34877967 0.00021934
2.35034656 -0.00068521
2.35191346 0.00021980
2.35348036 -0.00068471
2.35504726 0.00022032
2.35661415 -0.00068420
2.35818105 0.00022077
2.35974795 -0.00068366
2.36131485 0.00022125
2.36288175 -0.00068309
2.36444864 0.00022118
2.36601554 -0.00068281
2.36758244 0.00022108
2.36914934 -0.00068257
2.37071623 0.00022105
2.37228313 -0.00068234
2.37385003 0.00022122
2.37541693 -0.00068185
2.37698382 0.00022170
2.37855072 -0.00068136
2.38011762 0.00022218
2.38168452 -0.00068067
2.38325142 0.00022274
2.38481831 -0.00067918
2.38638521 0.00022411
2.38795211 -0.00067692
2.38951901 0.00022620
2.39108590 -0.00067542
2.39265280 0.00022711
2.39421970 -0.00067463
2.39578660 0.00022695
2.39735349 -0.00067458
2.39892039 0.00022720
2.40048729 -0.00067391
2.40205419 0.00022800
2.40362109 -0.00067291
2.40518798 0.00022868
2.40675488 -0.00067190
2.40832178 0.00022918
2.40988868 -0.00067137
2.41145557 0.00022947
2.41302247 -0.00067047
2.41458937 0.00023007
2.41615627 -0.00066899
2.41772316 0.00023085
2.41929006 -0.00066780
2.42085696 0.00023153
2.42242386 -0.00066697
2.42399076 0.00023226
2.42555765 -0.00066619
2.42712455 0.00023297
2.42869145 -0.00066511
2.43025835 0.00023316
2.43182524 -0.00066482
2.43339214 0.00023308
2.43495904 -0.00066446
2.43652594 0.00023343
2.43809284 -0.00066312
2.43965973 0.00023473
2.44122663 -0.00066098
2.44279353 0.00023647
2.44436043 -0.00065921
2.44592732 0.00023777
2.44749422 -0.00065819
2.44906112 0.00023809
2.45062802 -0.00065785
2.45219491 0.00023815
2.45376181 -0.00065750
2.45532871 0.00023837
2.45689561 -0.00065697
2.45846251 0.00023895
2.46002940 -0.00065616
2.46159630 0.00023897
2.46316320 -0.00065575
2.46473010 0.00023881
2.46629699 -0.00065590
2.46786389 0.00023858
2.46943079 -0.00065582
2.47099769 0.00023862
2.47256458 -0.00065559
2.47413148 0.00023869
2.47569838 -0.00065526
2.47726528 0.00023877
2.47883218 -0.00065493
2.48039907 0.00023877
2.48196597 -0.00065412
2.48353287 0.00023931
2.48509977 -0.00065302
2.48666666 0.00024080
2.48823356 -0.00065114
2.48980046 0.00024225
2.49136736 -0.00065018
2.49293425 0.00024280
2.49450115 -0.00065022
2.49606805 0.00024237
2.49763495 -0.00065051
2.49920185 0.00024205
2.50076874 -0.00065001
2.50233564 0.00024233
2.50390254 -0.00064907
2.50546944 0.00024330
2.50703633 -0.00064747
2.50860323 0.00024517
2.51017013 -0.00064552
2.51173703 0.00024694
2.51330393 -0.00064379
2.51487082 0.00024792
2.51643772 -0.00064317
2.51800462 0.00024799
2.51957152 -0.00064321
2.52113841 0.00024752
2.52270531 -0.00064343
2.52427221 0.00024665
2.52583911 -0.00064377
2.52740600 0.00024625
2.52897290 -0.00064395
2.53053980 0.00024611
2.53210670 -0.00064316
2.53367360 0.00024690
2.53524049 -0.00064149
2.53680739 0.00024861
2.53837429 -0.00063961
2.53994119 0.00025011
2.54150808 -0.00063858
2.54307498 0.00025059
2.54464188 -0.00063860
2.54620878 0.00024999
2.54777567 -0.00063894
2.54934257 0.00024944
2.55090947 -0.00063940
2.55247637 0.00024877
2.55404327 -0.00063980
2.55561016 0.00024848
2.55717706 -0.00063973
2.55874396 0.00024850
2.56031086 -0.00063931
2.56187775 0.00024930
2.56344465 -0.00063889
2.56501155 0.00024950
2.56657845 -0.00063836
2.56814534 0.00025013
2.56971224 -0.00063726
2.57127914 0.00025174
2.57284604 -0.00063519
2.57441294 0.00025372
2.57597983 -0.00063360
2.57754673 0.00025445
2.57911363 -0.00063298
2.58068053 0.00025439
2.58224742 -0.00063292
2.58381432 0.00025450
2.58538122 -0.00063228
2.58694812 0.00025516
2.58851502 -0.00063118
2.59008191 0.00025580
2.59164881 -0.00063028
2.59321571 0.00025630
2.59478261 -0.00062949
2.59634950 0.00025703
2.59791640 -0.00062843
2.59948330 0.00025764
2.60105020 -0.00062744
2.60261709 0.00025813
2.60418399 -0.00062719
2.60575089 0.00025809
2.60731779 -0.00062708
2.60888469 0.00025800
2.61045158 -0.00062648
2.61201848 0.00025849
2.61358538 -0.00062522
2.61515228 0.00025997
2.61671917 -0.00062361
2.61828607 0.00026086
2.61985297 -0.00062316
2.62141987 0.00026050
2.62298676 -0.00062384
2.62455366 0.00025950
2.62612056 -0.00062436
2.62768746 0.00025944
2.62925436 -0.00062386
2.63082125 0.00026003
2.63238815 -0.00062309
2.63395505 0.00026065
2.63552195 -0.00062250
2.63708884 0.00026109
2.63865574 -0.00062167
2.64022264 0.00026202
2.64178954 -0.00062051
2.64335643 0.00026313
2.64492333 -0.00061933
2.64649023 0.00026413
2.64805713 -0.00061878
2.64962403 0.00026434
2.65119092 -0.00061895
2.65275782 0.00026377
2.65432472 -0.00061970
2.65589162 0.00026312
2.65745851 -0.00061968
2.65902541 0.00026297
2.66059231 -0.00061890
2.66215921 0.00026381
2.66372611 -0.00061743
2.66529300 0.00026581
2.66685990 -0.00061510
2.66842680 0.00026823
2.66999370 -0.00061290
2.67156059 0.00026957
2.67312749 -0.00061241
2.67469439 0.00026913
2.67626129 -0.00061305
2.67782818 0.00026804
2.67939508 -0.00061332
2.68096198 0.00026769
2.68252888 -0.00061270
2.68409578 0.00026848
2.68566267 -0.00061128
2.68722957 0.00026964
2.68879647 -0.00061004
2.69036337 0.00027065
2.69193026 -0.00060937
2.69349716 0.00027069
2.69506406 -0.00060966
2.69663096 0.00026991
2.69819785 -0.00061027
2.69976475 0.00026912
2.70133165 -0.00061080
2.70289855 0.00026886
2.70446545 -0.00061070
2.70603234 0.00026861
2.70759924 -0.00061089
2.70916614 0.00026859
2.71073304 -0.00061046
2.71229993 0.00026958
2.71386683 -0.00060874
2.71543373 0.00027164
2.71700063 -0.00060612
2.71856753 0.00027372
2.72013442 -0.00060463
2.72170132 0.00027483
2.72326822 -0.00060396
2.72483512 0.00027520
2.72640201 -0.00060356
2.72796891 0.00027551
2.72953581 -0.00060312
2.73110271 0.00027578
2.73266960 -0.00060288
2.73423650 0.00027618
2.73580340 -0.00060224
2.73737030 0.00027685
2.73893720 -0.00060152
2.74050409 0.00027741
2.74207099 -0.00060122
2.74363789 0.00027726
2.74520479 -0.00060117
2.74677168 0.00027732
2.74833858 -0.00060062
2.74990548 0.00027806
2.75147238 -0.00059953
2.75303927 0.00027919
2.75460617 -0.00059821
2.75617307 0.00027996
2.75773997 -0.00059775
2.75930687 0.00027995
2.76087376 -0.00059813
2.76244066 0.00027893
2.76400756 -0.00059860
2.76557446 0.00027825
2.76714135 -0.00059868
2.76870825 0.00027824
2.77027515 -0.00059838
2.77184205 0.00027844
2.77340894 -0.00059743
2.77497584 0.00027877
2.77654274 -0.00059657
2.77810964 0.00027918
2.77967654 -0.00059611
2.78124343 0.00027875
2.78281033 -0.00059602
2.78437723 0.00027881
2.78594413 -0.00059512
2.78751102 0.00027974
2.78907792 -0.00059367
2.79064482 0.00028057
2.79221172 -0.00059285
2.79377862 0.00028017
2.79534551 -0.00059316
2.79691241 0.00027978
2.79847931 -0.00059277
2.80004621 0.00027994
2.80161310 -0.00059201
2.80318000 0.00028039
2.80474690 -0.00059152
2.80631380 0.00028016
2.80788069 -0.00059135
2.80944759 0.00027994
2.81101449 -0.00059136
2.81258139 0.00027975
2.81414829 -0.00059153
2.81571518 0.00027913
2.81728208 -0.00059186
2.81884898 0.00027910
2.82041588 -0.00059071
2.82198277 0.00028083
2.82354967 -0.00058763
2.82511657 0.00028395
2.82668347 -0.00058428
2.82825036 0.00028602
2.82981726 -0.00058310
2.83138416 0.00028618
2.83295106 -0.00058364
2.83451796 0.00028529
2.83608485 -0.00058410
2.83765175 0.00028479
2.83921865 -0.00058400
2.84078555 0.00028497
2.84235244 -0.00058347
2.84391934 0.00028472
2.84548624 -0.00058352
2.84705314 0.00028401
2.84862003 -0.00058391
2.85018693 0.00028316
2.85175383 -0.00058421
2.85332073 0.00028314
2.85488763 -0.00058360
2.85645452 0.00028342
2.85802142 -0.00058275
2.85958832 0.00028434
2.86115522 -0.00058170
2.86272211 0.00028498
2.86428901 -0.00058068
2.86585591 0.00028536
2.86742281 -0.00058009
2.86898971 0.00028572
2.87055660 -0.00057965
2.87212350 0.00028609
2.87369040 -0.00057875
2.87525730 0.00028688
2.87682419 -0.00057738
2.87839109 0.00028813
2.87995799 -0.00057619
2.88152489 0.00028856
2.88309178 -0.00057625
2.88465868 0.00028758
2.88622558 -0.00057740
2.88779248 0.00028630
2.88935938 -0.00057795
2.89092627 0.00028609
2.89249317 -0.00057684
2.89406007 0.00028765
2.89562697 -0.00057483
2.89719386 0.00028991
2.89876076 -0.00057289
2.90032766 0.00029117
2.90189456 -0.00057199
2.90346145 0.00029123
2.90502835 -0.00057186
2.90659525 0.00029093
2.90816215 -0.00057151
2.90972905 0.00029067
2.91129594 -0.00057104
2.91286284 0.00029037
2.91442974 -0.00057085
2.91599664 0.00029058
2.91756353 -0.00057053
2.91913043 0.00029092
2.92069733 -0.00057000
2.92226423 0.00029123
2.92383112 -0.00056977
2.92539802 0.00029072
2.92696492 -0.00057020
2.92853182 0.00028983
2.93009872 -0.00057088
2.93166561 0.00028884
2.93323251 -0.00057135
2.93479941 0.00028828
2.93636631 -0.00057107
2.93793320 0.00028860
2.93950010 -0.00056989
2.94106700 0.00028975
2.94263390 -0.00056834
2.94420080 0.00029111
2.94576769 -0.00056715
2.94733459 0.00029177
2.94890149 -0.00056676
2.95046839 0.00029200
2.95203528 -0.00056686
2.95360218 0.00029190
2.95516908 -0.00056663
2.95673598 0.00029180
2.95830287 -0.00056593
2.95986977 0.00029234
2.96143667 -0.00056449
2.96300357 0.00029361
2.96457047 -0.00056282
2.96613736 0.00029503
2.96770426 -0.00056185
2.96927116 0.00029535
2.97083806 -0.00056235
2.97240495 0.00029408
2.97397185 -0.00056356
2.97553875 0.00029279
2.97710565 -0.00056421
2.97867254 0.00029240
2.98023944 -0.00056388
2.98180634 0.00029279
2.98337324 -0.00056334
2.98494014 0.00029326
2.98650703 -0.00056276
2.98807393 0.00029390
2.98964083 -0.00056226
2.99120773 0.00029384
2.99277462 -0.00056200
2.99434152 0.00029355
2.99590842 -0.00056192
2.99747532 0.00029397
2.99904221 -0.00056080
3.00060911 0.00029536
3.00217601 -0.00055928
3.00374291 0.00029684
3.00530981 -0.00055832
3.00687670 0.00029724
3.00844360 -0.00055835
3.01001050 0.00029679
3.01157740 -0.00055855
3.01314429 0.00029623
3.01471119 -0.00055870
3.01627809 0.00029603
3.01784499 -0.00055852
3.01941189 0.00029594
3.02097878 -0.00055820
3.02254568 0.00029658
3.02411258 -0.00055759
3.02567948 0.00029736
3.02724637 -0.00055675
3.02881327 0.00029770
3.03038017 -0.00055601
3.03194707 0.00029840
3.03351396 -0.00055495
3.03508086 0.00029954
3.03664776 -0.00055330
3.03821466 0.00030051
3.03978156 -0.00055266
3.04134845 0.00030033
3.04291535 -0.00055356
3.04448225 0.00029923
3.04604915 -0.00055473
3.04761604 0.00029794
3.04918294 -0.00055520
3.05074984 0.00029777
3.05231674 -0.00055440
3.05388363 0.00029886
3.05545053 -0.00055249
3.05701743 0.00030087
3.05858433 -0.00055049
3.06015123 0.00030207
3.06171812 -0.00054944
3.06328502 0.00030241
3.06485192 -0.00054951
3.06641882 0.00030219
3.06798571 -0.00054992
3.06955261 0.00030177
3.07111951 -0.00055001
3.07268641 0.00030170
3.07425330 -0.00054924
3.07582020 0.00030268
3.07738710 -0.00054782
3.07895400 0.00030367
3.08052090 -0.00054670
3.08208779 0.00030384
3.08365469 -0.00054665
3.08522159 0.00030373
3.08678849 -0.00054669
3.08835538 0.00030378
3.08992228 -0.00054623
3.09148918 0.00030435
3.09305608 -0.00054556
3.09462298 0.00030440
3.09618987 -0.00054552
3.09775677 0.00030363
3.09932367 -0.00054648
3.10089057 0.00030235
3.10245746 -0.00054670
3.10402436 0.00030238
3.10559126 -0.00054543
3.10715816 0.00030418
3.10872505 -0.00054321
3.11029195 0.00030554
3.11185885 -0.00054218
3.11342575 0.00030537
3.11499265 -0.00054221
3.11655954 0.00030507
3.11812644 -0.00054193
3.11969334 0.00030541
3.12126024 -0.00054074
3.12282713 0.00030577
3.12439403 -0.00054027
3.12596093 0.00030533
3.12752783 -0.00054084
3.12909472 0.00030422
3.13066162 -0.00054096
3.13222852 0.00030370
3.13379542 -0.00054075
3.13536232 0.00030400
3.13692921 -0.00054017
3.13849611 0.00030367
3.14006301 -0.00053994
3.14162991 0.00030365
3.14319680 -0.00053959
3.14476370 0.00030426
3.14633060 -0.00053870
3.14789750 0.00030467
3.14946439 -0.00053817
3.15103129 0.00030426
3.15259819 -0.00053841
3.15416509 0.00030403
3.15573199 -0.00053828
3.15729888 0.00030392
3.15886578 -0.00053784
3.16043268 0.00030404
3.16199958 -0.00053771
3.16356647 0.00030410
3.16513337 -0.00053726
3.16670027 0.00030466
3.16826717 -0.00053619
3.16983407 0.00030531
3.17140096 -0.00053549
3.17296786 0.00030531
3.17453476 -0.00053571
3.17610166 0.00030459
3.17766855 -0.00053635
3.17923545 0.00030411
3.18080235 -0.00053607
3.18236925 0.00030461
3.18393614 -0.00053445
3.18550304 0.00030577
3.18706994 -0.00053247
3.18863684 0.00030704
3.19020374 -0.00053143
3.19177063 0.00030756
3.19333753 -0.00053148
3.19490443 0.00030691
3.19647133 -0.00053205
3.19803822 0.00030613
3.19960512 -0.00053198
3.20117202 0.00030614
3.20273892 -0.00053083
3.20430581 0.00030686
3.20587271 -0.00052933
3.20743961 0.00030750
3.20900651 -0.00052865
3.21057341 0.00030763
3.21214030 -0.00052889
3.21370720 0.00030678
3.21527410 -0.00052954
3.21684100 0.00030584
3.21840789 -0.00052953
3.21997479 0.00030592
3.22154169 -0.00052801
3.22310859 0.00030695
3.22467548 -0.00052614
3.22624238 0.00030822
3.22780928 -0.00052500
3.22937618 0.00030829
3.23094308 -0.00052475
3.23250997 0.00030786
3.23407687 -0.00052467
3.23564377 0.00030771
3.23721067 -0.00052401
3.23877756 0.00030844
3.24034446 -0.00052292
3.24191136 0.00030863
3.24347826 -0.00052278
3.24504516 0.00030787
3.24661205 -0.00052331
3.24817895 0.00030673
3.24974585 -0.00052334
3.25131275 0.00030670
3.25287964 -0.00052269
3.25444654 0.00030669
3.25601344 -0.00052239
3.25758034 0.00030671
3.25914723 -0.00052238
3.26071413 0.00030673
3.26228103 -0.00052218
3.26384793 0.00030646
3.26541483 -0.00052222
3.26698172 0.00030549
3.26854862 -0.00052236
3.27011552 0.00030548
3.27168242 -0.00052161
3.27324931 0.00030665
3.27481621 -0.00052004
3.27638311 0.00030751
3.27795001 -0.00051920
3.27951690 0.00030793
3.28108380 -0.00051841
3.28265070 0.00030805
3.28421760 -0.00051800
3.28578450 0.00030789
3.28735139 -0.00051856
3.28891829 0.00030637
3.29048519 -0.00052032
3.29205209 0.00030488
3.29361898 -0.00052110
3.29518588 0.00030455
3.29675278 -0.00052009
3.29831968 0.00030570
3.29988658 -0.00051790
3.30145347 0.00030741
3.30302037 -0.00051610
3.30458727 0.00030859
3.30615417 -0.00051499
3.30772106 0.00030911
3.30928796 -0.00051429
3.31085486 0.00030927
3.31242176 -0.00051380
3.31398865 0.00030963
3.31555555 -0.00051339
3.31712245 0.00030963
3.31868935 -0.00051334
3.32025625 0.00030950
3.32182314 -0.00051338
3.32339004 0.00030936
3.32495694 -0.00051282
3.32652384 0.00030966
3.32809073 -0.00051198
3.32965763 0.00030953
3.33122453 -0.00051200
3.33279143 0.00030898
3.33435832 -0.00051227
3.33592522 0.00030863
3.33749212 -0.00051176
3.33905902 0.00030959
3.34062592 -0.00051020
3.34219281 0.00031092
3.34375971 -0.00050907
3.34532661 0.00031154
3.34689351 -0.00050884
3.34846040 0.00031075
3.35002730 -0.00050989
3.35159420 0.00030933
3.35316110 -0.00051082
3.35472799 0.00030832
3.35629489 -0.00051075
3.35786179 0.00030883
3.35942869 -0.00050919
3.36099559 0.00031018
3.36256248 -0.00050774
3.36412938 0.00031123
3.36569628 -0.00050708
3.36726318 0.00031128
3.36883007 -0.00050741
3.37039697 0.00031079
3.37196387 -0.00050793
3.37353077 0.00030991
3.37509767 -0.00050835
3.37666456 0.00030937
3.37823146 -0.00050806
3.37979836 0.00030970
3.38136526 -0.00050710
3.38293215 0.00031085
3.38449905 -0.00050582
3.38606595 0.00031161
3.38763285 -0.00050530
3.38919974 0.00031152
3.39076664 -0.00050550
3.39233354 0.00031123
3.39390044 -0.00050493
3.39546734 0.00031178
3.39703423 -0.00050323
3.39860113 0.00031300
3.40016803 -0.00050185
3.40173493 0.00031349
3.40330182 -0.00050141
3.40486872 0.00031334
3.40643562 -0.00050148
3.40800252 0.00031299
3.40956941 -0.00050158
3.41113631 0.00031262
3.41270321 -0.00050166
3.41427011 0.00031230
3.41583701 -0.00050152
3.41740390 0.00031241
3.41897080 -0.00050121
3.42053770 0.00031190
3.42210460 -0.00050148
3.42367149 0.00031076
3.42523839 -0.00050257
3.42680529 0.00030998
3.42837219 -0.00050277
3.42993908 0.00031025
3.43150598 -0.00050155
3.43307288 0.00031165
3.43463978 -0.00050030
3.43620668 0.00031266
3.43777357 -0.00049961
3.43934047 0.00031248
3.44090737 -0.00049976
3.44247427 0.00031175
3.44404116 -0.00050040
3.44560806 0.00031108
3.44717496 -0.00050096
3.44874186 0.00031058
3.45030876 -0.00050097
3.45187565 0.00031032
3.45344255 -0.00050117
3.45500945 0.00031004
3.45657635 -0.00050136
3.45814324 0.00030960
3.45971014 -0.00050105
3.46127704 0.00031018
3.46284394 -0.00049971
3.46441083 0.00031145
3.46597773 -0.00049827
3.46754463 0.00031243
3.46911153 -0.00049757
3.47067843 0.00031228
3.47224532 -0.00049779
3.47381222 0.00031176
3.47537912 -0.00049822
3.47694602 0.00031104
3.47851291 -0.00049844
3.48007981 0.00031091
3.48164671 -0.00049805
3.48321361 0.00031123
3.48478050 -0.00049729
3.48634740 0.00031195
3.48791430 -0.00049592
3.48948120 0.00031290
3.49104810 -0.00049435
3.49261499 0.00031437
3.49418189 -0.00049256
3.49574879 0.00031527
3.49731569 -0.00049165
3.49888258 0.00031533
3.50044948 -0.00049167
3.50201638 0.00031460
3.50358328 -0.00049231
3.50515017 0.00031377
3.50671707 -0.00049220
3.50828397 0.00031338
3.50985087 -0.00049177
3.51141777 0.00031360
3.51298466 -0.00049079
3.51455156 0.00031399
3.51611846 -0.00048986
3.51768536 0.00031472
3.51925225 -0.00048872
3.52081915 0.00031523
3.52238605 -0.00048844
3.52395295 0.00031457
3.52551985 -0.00048931
3.52708674 0.00031310
3.52865364 -0.00049064
3.53022054 0.00031217
3.53178744 -0.00049042
3.53335433 0.00031271
3.53492123 -0.00048879
3.53648813 0.00031445
3.53805503 -0.00048680
3.53962192 0.00031599
3.54118882 -0.00048542
3.54275572 0.00031677
3.54432262 -0.00048471
3.54588952 0.00031698
3.54745641 -0.00048438
3.54902331 0.00031692
3.55059021 -0.00048442
3.55215711 0.00031599
3.55372400 -0.00048520
3.55529090 0.00031474
3.55685780 -0.00048620
3.55842470 0.00031372
3.55999159 -0.00048647
3.56155849 0.00031400
3.56312539 -0.00048533
3.56469229 0.00031494
3.56625919 -0.00048379
3.56782608 0.00031561
3.56939298 -0.00048290
3.57095988 0.00031549
3.57252678 -0.00048250
3.57409367 0.00031539
3.57566057 -0.00048214
3.57722747 0.00031548
3.57879437 -0.00048204
3.58036126 0.00031527
3.58192816 -0.00048242
3.58349506 0.00031450
3.58506196 -0.00048311
3.58662886 0.00031353
3.58819575 -0.00048376
3.58976265 0.00031284
3.59132955 -0.00048374
3.59289645 0.00031300
3.59446334 -0.00048299
3.59603024 0.00031353
3.59759714 -0.00048228
3.59916404 0.00031408
3.60073094 -0.00048172
3.60229783 0.00031440
3.60386473 -0.00048123
3.60543163 0.00031481
3.60699853 -0.00048053
3.60856542 0.00031533
3.61013232 -0.00047983
3.61169922 0.00031586
3.61326612 -0.00047919
3.61483301 0.00031598
3.61639991 -0.00047920
3.61796681 0.00031587
3.61953371 -0.00047928
3.62110061 0.00031568
3.62266750 -0.00047896
3.62423440 0.00031582
3.62580130 -0.00047835
3.62736820 0.00031617
3.62893509 -0.00047800
3.63050199 0.00031601
3.63206889 -0.00047777
3.63363579 0.00031580
3.63520268 -0.00047771
3.63676958 0.00031595
3.63833648 -0.00047741
3.63990338 0.00031596
3.64147028 -0.00047728
3.64303717 0.00031572
3.64460407 -0.00047719
3.64617097 0.00031602
3.64773787 -0.00047613
3.64930476 0.00031690
3.65087166 -0.00047467
3.65243856 0.00031782
3.65400546 -0.00047395
3.65557235 0.00031767
3.65713925 -0.00047426
3.65870615 0.00031658
3.66027305 -0.00047477
3.66183995 0.00031574
3.66340684 -0.00047513
3.66497374 0.00031552
3.66654064 -0.00047487
3.66810754 0.00031506
3.66967443 -0.00047506
3.67124133 0.00031451
3.67280823 -0.00047546
3.67437513 0.00031403
3.67594203 -0.00047494
3.67750892 0.00031452
3.67907582 -0.00047346
3.68064272 0.00031558
3.68220962 -0.00047211
3.68377651 0.00031650
3.68534341 -0.00047133
3.68691031 0.00031681
3.68847721 -0.00047090
3.69004410 0.00031692
3.69161100 -0.00047120
3.69317790 0.00031633
3.69474480 -0.00047144
3.69631170 0.00031555
3.69787859 -0.00047165
3.69944549 0.00031532
3.70101239 -0.00047137
3.70257929 0.00031547
3.70414618 -0.00047092
3.70571308 0.00031593
3.70727998 -0.00047018
3.70884688 0.00031653
3.71041377 -0.00047048
3.71198067 0.00031579
3.71354757 -0.00047167
3.71511447 0.00031403
3.71668137 -0.00047290
3.71824826 0.00031366
3.71981516 -0.00047212
3.72138206 0.00031509
3.72294896 -0.00047012
3.72451585 0.00031667
3.72608275 -0.00046852
3.72764965 0.00031770
3.72921655 -0.00046781
3.73078344 0.00031818
3.73235034 -0.00046725
3.73391724 0.00031818
3.73548414 -0.00046759
3.73705104 0.00031737
3.73861793 -0.00046854
3.74018483 0.00031623
3.74175173 -0.00046944
3.74331863 0.00031580
3.74488552 -0.00046899
3.74645242 0.00031628
3.74801932 -0.00046801
3.74958622 0.00031696
3.75115312 -0.00046730
3.75272001 0.00031702
3.75428691 -0.00046739
3.75585381 0.00031675
3.75742071 -0.00046693
3.75898760 0.00031724
3.76055450 -0.00046602
3.76212140 0.00031819
3.76368830 -0.00046518
3.76525519 0.00031825
3.76682209 -0.00046545
3.76838899 0.00031709
3.76995589 -0.00046649
3.77152279 0.00031594
3.77308968 -0.00046695
3.77465658 0.00031564
3.77622348 -0.00046616
3.77779038 0.00031636
3.77935727 -0.00046460
3.78092417 0.00031749
3.78249107 -0.00046314
3.78405797 0.00031820
3.78562486 -0.00046228
3.78719176 0.00031830
3.78875866 -0.00046188
3.79032556 0.00031790
3.79189246 -0.00046186
3.79345935 0.00031755
3.79502625 -0.00046159
3.79659315 0.00031726
3.79816005 -0.00046094
3.79972694 0.00031757
3.80129384 -0.00046003
3.80286074 0.00031807
3.80442764 -0.00045901
3.80599454 0.00031853
3.80756143 -0.00045841
3.80912833 0.00031852
3.81069523 -0.00045848
3.81226213 0.00031791
3.81382902 -0.00045929
3.81539592 0.00031661
3.81696282 -0.00045996
3.81852972 0.00031571
3.82009661 -0.00045983
3.82166351 0.00031605
3.82323041 -0.00045853
3.82479731 0.00031718
3.82636421 -0.00045722
3.82793110 0.00031789
3.82949800 -0.00045691
3.83106490 0.00031743
3.83263180 -0.00045759
3.83419869 0.00031651
3.83576559 -0.00045873
3.83733249 0.00031518
3.83889939 -0.00045948
3.84046628 0.00031434
3.84203318 -0.00045920
3.84360008 0.00031492
3.84516698 -0.00045757
3.84673388 0.00031646
3.84830077 -0.00045594
3.84986767 0.00031740
3.85143457 -0.00045537
3.85300147 0.00031723
3.85456836 -0.00045592
3.85613526 0.00031643
3.85770216 -0.00045645
3.85926906 0.00031564
3.86083595 -0.00045654
3.86240285 0.00031571
3.86396975 -0.00045588
3.86553665 0.00031605
3.86710355 -0.00045507
3.86867044 0.00031636
3.87023734 -0.00045474
3.87180424 0.00031632
3.87337114 -0.00045494
3.87493803 0.00031588
3.87650493 -0.00045508
3.87807183 0.00031548
3.87963873 -0.00045460
3.88120563 0.00031583
3.88277252 -0.00045369
3.88433942 0.00031673
3.88590632 -0.00045236
3.88747322 0.00031746
3.88904011 -0.00045111
3.89060701 0.00031849
3.89217391 -0.00045014
3.89374081 0.00031920
3.89530770 -0.00044932
3.89687460 0.00031943
3.89844150 -0.00044902
3.90000840 0.00031869
3.90157530 -0.00044999
3.90314219 0.00031701
3.90470909 -0.00045159
3.90627599 0.00031513
3.90784289 -0.00045218
3.90940978 0.00031517
3.91097668 -0.00045083
3.91254358 0.00031701
3.91411048 -0.00044825
3.91567737 0.00031879
3.91724427 -0.00044678
3.91881117 0.00031938
3.92037807 -0.00044675
3.92194497 0.00031864
3.92351186 -0.00044736
3.92507876 0.00031794
3.92664566 -0.00044746
3.92821256 0.00031771
3.92977945 -0.00044717
3.93134635 0.00031771
3.93291325 -0.00044641
3.93448015 0.00031771
3.93604704 -0.00044586
3.93761394 0.00031805
3.93918084 -0.00044522
3.94074774 0.00031801
3.94231464 -0.00044533
3.94388153 0.00031687
3.94544843 -0.00044664
3.94701533 0.00031500
3.94858223 -0.00044795
3.95014912 0.00031393
3.95171602 -0.00044778
3.95328292 0.00031405
3.95484982 -0.00044702
3.95641672 0.00031414
3.95798361 -0.00044723
3.95955051 0.00031327
3.96111741 -0.00044816
3.96268431 0.00031226
3.96425120 -0.00044841
3.96581810 0.00031234
3.96738500 -0.00044705
3.96895190 0.00031379
3.97051879 -0.00044452
3.97208569 0.00031589
3.97365259 -0.00044228
3.97521949 0.00031739
3.97678639 -0.00044120
3.97835328 0.00031758
3.97992018 -0.00044090
3.98148708 0.00031715
3.98305398 -0.00044098
3.98462087 0.00031677
3.98618777 -0.00044119
3.98775467 0.00031587
3.98932157 -0.00044172
3.99088846 0.00031462
3.99245536 -0.00044257
3.99402226 0.00031338
3.99558916 -0.00044281
3.99715606 0.00031317
3.99872295 -0.00044163
4.00028985 0.00031432
4.00185675 -0.00043964
4.00342365 0.00031557
4.00499054 -0.00043860
4.00655744 0.00031540
4.00812434 -0.00043873
4.00969124 0.00031455
4.01125813 -0.00043915
4.01282503 0.00031411
4.01439193 -0.00043862
4.01595883 0.00031438
4.01752573 -0.00043786
4.01909262 0.00031493
4.02065952 -0.00043714
4.02222642 0.00031484
4.02379332 -0.00043751
4.02536021 0.00031360
4.02692711 -0.00043863
4.02849401 0.00031175
4.03006091 -0.00044002
4.03162781 0.00031065
4.03319470 -0.00044007
4.03476160 0.00031100
4.03632850 -0.00043867
4.03789540 0.00031249
4.03946229 -0.00043646
4.04102919 0.00031382
4.04259609 -0.00043516
4.04416299 0.00031417
4.04572988 -0.00043523
4.04729678 0.00031325
4.04886368 -0.00043612
4.05043058 0.00031212
4.05199748 -0.00043647
4.05356437 0.00031189
4.05513127 -0.00043565
4.05669817 0.00031273
4.05826507 -0.00043410
4.05983196 0.00031394
4.06139886 -0.00043256
4.06296576 0.00031456
4.06453266 -0.00043187
4.06609955 0.00031458
4.06766645 -0.00043179
4.06923335 0.00031406
4.07080025 -0.00043165
4.07236715 0.00031391
4.07393404 -0.00043104
4.07550094 0.00031432
4.07706784 -0.00043035
4.07863474 0.00031481
4.08020163 -0.00042973
4.08176853 0.00031460
4.08333543 -0.00042943
4.08490233 0.00031435
4.08646922 -0.00042911
4.08803612 0.00031441
4.08960302 -0.00042847
4.09116992 0.00031452
4.09273682 -0.00042800
4.09430371 0.00031449
4.09587061 -0.00042773
4.09743751 0.00031434
4.09900441 -0.00042760
4.10057130 0.00031420
4.10213820 -0.00042734
4.10370510 0.00031410
4.10527200 -0.00042710
4.10683890 0.00031376
4.10840579 -0.00042727
4.10997269 0.00031248
4.11153959 -0.00042864
4.11310649 0.00031027
4.11467338 -0.00043007
4.11624028 0.00030871
4.11780718 -0.00043013
4.11937408 0.00030922
4.12094097 -0.00042829
4.12250787 0.00031104
4.12407477 -0.00042622
4.12564167 0.00031228
4.12720857 -0.00042554
4.12877546 0.00031190
4.13034236 -0.00042588
4.13190926 0.00031080
4.13347616 -0.00042610
4.13504305 0.00031041
4.13660995 -0.00042576
4.13817685 0.00031038
4.13974375 -0.00042505
4.14131064 0.00031031
4.14287754 -0.00042482
4.14444444 0.00031055
4.14601134 -0.00042427
4.14757824 0.00031137
4.14914513 -0.00042285
4.15071203 0.00031218
4.15227893 -0.00042136
4.15384583 0.00031233
4.15541272 -0.00042160
4.15697962 0.00031116
4.15854652 -0.00042261
4.16011342 0.00030984
4.16168031 -0.00042329
4.16324721 0.00030919
4.16481411 -0.00042354
4.16638101 0.00030865
4.16794791 -0.00042392
4.16951480 0.00030753
4.17108170 -0.00042425
4.17264860 0.00030674
4.17421550 -0.00042413
4.17578239 0.00030646
4.17734929 -0.00042372
4.17891619 0.00030668
4.18048309 -0.00042256
4.18204999 0.00030734
4.18361688 -0.00042124
4.18518378 0.00030817
4.18675068 -0.00042045
4.18831758 0.00030823
4.18988447 -0.00042010
4.19145137 0.00030853
4.19301827 -0.00041921
4.19458517 0.00030918
4.19615206 -0.00041808
4.19771896 0.00030943
4.19928586 -0.00041783
4.20085276 0.00030856
4.20241966 -0.00041813
4.20398655 0.00030740
4.20555345 -0.00041842
4.20712035 0.00030712
4.20868725 -0.00041812
4.21025414 0.00030747
4.21182104 -0.00041744
4.21338794 0.00030762
4.21495484 -0.00041737
4.21652173 0.00030693
4.21808863 -0.00041818
4.21965553 0.00030585
4.22122243 -0.00041871
4.22278933 0.00030480
4.22435622 -0.00041849
4.22592312 0.00030497
4.22749002 -0.00041761
4.22905692 0.00030592
4.23062381 -0.00041617
4.23219071 0.00030702
4.23375761 -0.00041459
4.23532451 0.00030785
4.23689140 -0.00041354
4.23845830 0.00030827
4.24002520 -0.00041334
4.24159210 0.00030757
4.24315900 -0.00041429
4.24472589 0.00030626
4.24629279 -0.00041519
4.24785969 0.00030543
4.24942659 -0.00041503
4.25099348 0.00030593
4.25256038 -0.00041367
4.25412728 0.00030685
4.25569418 -0.00041230
4.25726108 0.00030750
4.25882797 -0.00041111
4.26039487 0.00030837
4.26196177 -0.00040972
4.26352867 0.00030946
4.26509556 -0.00040862
4.26666246 0.00030944
4.26822936 -0.00040885
4.26979626 0.00030784
4.27136315 -0.00041050
4.27293005 0.00030604
4.27449695 -0.00041131
4.27606385 0.00030512
4.27763075 -0.00041089
4.27919764 0.00030554
4.28076454 -0.00040981
4.28233144 0.00030596
4.28389834 -0.00040937
4.28546523 0.00030552
4.28703213 -0.00040953
4.28859903 0.00030487
4.29016593 -0.00040973
4.29173282 0.00030504
4.29329972 -0.00040909
4.29486662 0.00030506
4.29643352 -0.00040857
4.29800042 0.00030474
4.29956731 -0.00040840
4.30113421 0.00030477
4.30270111 -0.00040708
4.30426801 0.00030586
4.30583490 -0.00040533
4.30740180 0.00030687
4.30896870 -0.00040482
4.31053560 0.00030651
4.31210250 -0.00040584
4.31366939 0.00030517
4.31523629 -0.00040670
4.31680319 0.00030398
4.31837009 -0.00040726
4.31993698 0.00030324
4.32150388 -0.00040709
4.32307078 0.00030301
4.32463768 -0.00040608
4.32620457 0.00030349
4.32777147 -0.00040486
4.32933837 0.00030383
4.33090527 -0.00040463
4.33247217 0.00030291
4.33403906 -0.00040505
4.33560596 0.00030202
4.33717286 -0.00040461
4.33873976 0.00030265
4.34030665 -0.00040314
4.34187355 0.00030411
4.34344045 -0.00040127
4.34500735 0.00030467
4.34657424 -0.00040068
4.34814114 0.00030431
4.34970804 -0.00040102
4.35127494 0.00030287
4.35284184 -0.00040178
4.35440873 0.00030122
4.35597563 -0.00040231
4.35754253 0.00030019
4.35910943 -0.00040252
4.36067632 0.00030011
4.36224322 -0.00040170
4.36381012 0.00030068
4.36537702 -0.00040029
4.36694391 0.00030177
4.36851081 -0.00039866
4.37007771 0.00030276
4.37164461 -0.00039733
4.37321151 0.00030298
4.37477840 -0.00039683
4.37634530 0.00030249
4.37791220 -0.00039707
4.37947910 0.00030191
4.38104599 -0.00039679
4.38261289 0.00030194
4.38417979 -0.00039600
4.38574669 0.00030229
4.38731359 -0.00039519
4.38888048 0.00030201
4.39044738 -0.00039510
4.39201428 0.00030170
4.39358118 -0.00039469
4.39514807 0.00030168
4.39671497 -0.00039410
4.39828187 0.00030149
4.39984877 -0.00039369
4.40141566 0.00030099
4.40298256 -0.00039393
4.40454946 0.00030039
4.40611636 -0.00039393
4.40768326 0.00029963
4.40925015 -0.00039459
4.41081705 0.00029866
4.41238395 -0.00039565
4.41395085 0.00029774
4.41551774 -0.00039585
4.41708464 0.00029752
4.41865154 -0.00039500
4.42021844 0.00029802
4.42178533 -0.00039419
4.42335223 0.00029853
4.42491913 -0.00039331
4.42648603 0.00029874
4.42805293 -0.00039253
4.42961982 0.00029919
4.43118672 -0.00039208
4.43275362 0.00029943
4.43432052 -0.00039200
4.43588741 0.00029913
4.43745431 -0.00039211
4.43902121 0.00029867
4.44058811 -0.00039218
4.44215500 0.00029837
4.44372190 -0.00039189
4.44528880 0.00029852
4.44685570 -0.00039055
4.44842260 0.00029957
4.44998949 -0.00038887
4.45155639 0.00030106
4.45312329 -0.00038767
4.45469019 0.00030106
4.45625708 -0.00038787
4.45782398 0.00030002
4.45939088 -0.00038858
4.46095778 0.00029891
4.46252468 -0.00038844
4.46409157 0.00029891
4.46565847 -0.00038732
4.46722537 0.00029950
4.46879227 -0.00038652
4.47035916 0.00029990
4.47192606 -0.00038644
4.47349296 0.00029915
4.47505986 -0.00038677
4.47662675 0.00029822
4.47819365 -0.00038740
4.47976055 0.00029736
4.48132745 -0.00038769
4.48289435 0.00029648
4.48446124 -0.00038712
4.48602814 0.00029683
4.48759504 -0.00038567
4.48916194 0.00029813
4.49072883 -0.00038402
4.49229573 0.00029877
4.49386263 -0.00038358
4.49542953 0.00029805
4.49699642 -0.00038451
4.49856332 0.00029681
4.50013022 -0.00038545
4.50169712 0.00029572
4.50326402 -0.00038513
4.50483091 0.00029551
4.50639781 -0.00038426
4.50796471 0.00029580
4.50953161 -0.00038372
4.51109850 0.00029547
4.51266540 -0.00038428
4.51423230 0.00029416
4.51579920 -0.00038553
4.51736609 0.00029278
4.51893299 -0.00038619
4.52049989 0.00029236
4.52206679 -0.00038530
4.52363369 0.00029277
4.52520058 -0.00038395
4.52676748 0.00029376
4.52833438 -0.00038343
4.52990128 0.00029374
4.53146817 -0.00038378
4.53303507 0.00029305
4.53460197 -0.00038418
4.53616887 0.00029278
4.53773577 -0.00038349
4.53930266 0.00029374
4.54086956 -0.00038155
4.54243646 0.00029453
4.54400336 -0.00038052
4.54557025 0.00029451
4.54713715 -0.00038081
4.54870405 0.00029327
4.55027095 -0.00038132
4.55183784 0.00029233
4.55340474 -0.00038159
4.55497164 0.00029128
4.55653854 -0.00038202
4.55810544 0.00029033
4.55967233 -0.00038232
4.56123923 0.00028962
4.56280613 -0.00038193
4.56437303 0.00028961
4.56593992 -0.00038089
4.56750682 0.00028968
4.56907372 -0.00037963
4.57064062 0.00029038
4.57220751 -0.00037799
4.57377441 0.00029151
4.57534131 -0.00037580
4.57690821 0.00029321
4.57847511 -0.00037422
4.58004200 0.00029446
4.58160890 -0.00037316
4.58317580 0.00029536
4.58474270 -0.00037268
4.58630959 0.00029634
4.58787649 -0.00037205
4.58944339 0.00029582
4.59101029 -0.00037274
4.59257718 0.00029454
4.59414408 -0.00037530
4.59571098 0.00029168
4.59727788 -0.00037815
4.59884478 0.00029022
4.60041167 -0.00037929
4.60197857 0.00028953
4.60354547 -0.00038000
4.60511237 0.00029052
4.60667926 -0.00037957
4.60824616 0.00029098
4.60981306 -0.00037715
4.61137996 0.00029406
4.61294686 -0.00037376
4.61451375 0.00029655
4.61608065 -0.00037244
4.61764755 0.00029714
4.61921445 -0.00037393
4.62078134 0.00029479
4.62234824 -0.00037587
4.62391514 0.00029279
4.62548204 -0.00037666
4.62704893 0.00029221
4.62861583 -0.00037577
4.63018273 0.00029238
4.63174963 -0.00037501
4.63331653 0.00029208
4.63488342 -0.00037471
4.63645032 0.00029169
4.63801722 -0.00037478
4.63958412 0.00029164
4.64115101 -0.00037443
4.64271791 0.00029092
4.64428481 -0.00037421
4.64585171 0.00029016
4.64741860 -0.00037367
4.64898550 0.00029011
4.65055240 -0.00037365
4.65211930 0.00028973
4.65368620 -0.00037432
4.65525309 0.00028820
4.65681999 -0.00037510
4.65838689 0.00028742
4.65995379 -0.00037455
4.66152068 0.00028814
4.66308758 -0.00037284
4.66465448 0.00028917
4.66622138 -0.00037137
4.66778827 0.00028963
4.66935517 -0.00037083
4.67092207 0.00028967
4.67248897 -0.00037068
4.67405587 0.00028926
4.67562276 -0.00037074
4.67718966 0.00028896
4.67875656 -0.00037039
4.68032346 0.00028905
4.68189035 -0.00036992
4.68345725 0.00028921
4.68502415 -0.00036928
4.68659105 0.00028896
4.68815795 -0.00036869
4.68972484 0.00028893
4.69129174 -0.00036775
4.69285864 0.00028915
4.69442554 -0.00036710
4.69599243 0.00028916
4.69755933 -0.00036675
4.69912623 0.00028917
4.70069313 -0.00036637
4.70226002 0.00028920
4.70382692 -0.00036582
4.70539382 0.00028876
4.70696072 -0.00036562
4.70852762 0.00028821
4.71009451 -0.00036516
4.71166141 0.00028846
4.71322831 -0.00036424
4.71479521 0.00028881
4.71636210 -0.00036393
4.71792900 0.00028827
4.71949590 -0.00036432
4.72106280 0.00028707
4.72262969 -0.00036484
4.72419659 0.00028665
4.72576349 -0.00036439
4.72733039 0.00028685
4.72889729 -0.00036362
4.73046418 0.00028689
4.73203108 -0.00036313
4.73359798 0.00028665
4.73516488 -0.00036306
4.73673177 0.00028628
4.73829867 -0.00036246
4.73986557 0.00028590
4.74143247 -0.00036200
4.74299936 0.00028579
4.74456626 -0.00036187
4.74613316 0.00028515
4.74770006 -0.00036219
4.74926696 0.00028423
4.75083385 -0.00036209
4.75240075 0.00028390
4.75396765 -0.00036110
4.75553455 0.00028475
4.75710144 -0.00035936
4.75866834 0.00028545
4.76023524 -0.00035847
4.76180214 0.00028520
4.76336904 -0.00035841
4.76493593 0.00028457
4.76650283 -0.00035831
4.76806973 0.00028423
4.76963663 -0.00035797
4.77120352 0.00028412
4.77277042 -0.00035752
4.77433732 0.00028360
4.77590422 -0.00035744
4.77747111 0.00028326
4.77903801 -0.00035777
4.78060491 0.00028241
4.78217181 -0.00035785
4.78373871 0.00028201
4.78530560 -0.00035696
4.78687250 0.00028275
4.78843940 -0.00035502
4.79000630 0.00028384
4.79157319 -0.00035378
4.79314009 0.00028382
4.79470699 -0.00035413
4.79627389 0.00028249
4.79784078 -0.00035526
4.79940768 0.00028091
4.80097458 -0.00035611
4.80254148 0.00028006
4.80410838 -0.00035592
4.80567527 0.00028031
4.80724217 -0.00035410
4.80880907 0.00028146
4.81037597 -0.00035133
4.81194286 0.00028322
4.81350976 -0.00034974
4.81507666 0.00028359
4.81664356 -0.00034959
4.81821045 0.00028216
4.81977735 -0.00035083
4.82134425 0.00028049
4.82291115 -0.00035148
4.82447805 0.00027993
4.82604494 -0.00035100
4.82761184 0.00028006
4.82917874 -0.00035001
4.83074564 0.00028021
4.83231253 -0.00034937
4.83387943 0.00027986
4.83544633 -0.00034883
4.83701323 0.00027990
4.83858013 -0.00034836
4.84014702 0.00027975
4.84171392 -0.00034787
4.84328082 0.00027938
4.84484772 -0.00034751
4.84641461 0.00027939
4.84798151 -0.00034707
4.84954841 0.00027981
4.85111531 -0.00034622
4.85268220 0.00027987
4.85424910 -0.00034568
4.85581600 0.00027963
4.85738290 -0.00034575
4.85894980 0.00027917
4.86051669 -0.00034584
4.86208359 0.00027854
4.86365049 -0.00034577
4.86521739 0.00027833
4.86678428 -0.00034525
4.86835118 0.00027817
4.86991808 -0.00034495
4.87148498 0.00027799
4.87305187 -0.00034528
4.87461877 0.00027687
4.87618567 -0.00034620
4.87775257 0.00027549
4.87931947 -0.00034705
4.88088636 0.00027446
4.88245326 -0.00034754
4.88402016 0.00027375
4.88558706 -0.00034719
4.88715395 0.00027337
4.88872085 -0.00034650
4.89028775 0.00027359
4.89185465 -0.00034585
4.89342155 0.00027370
4.89498844 -0.00034522
4.89655534 0.00027397
4.89812224 -0.00034416
4.89968914 0.00027498
4.90125603 -0.00034233
4.90282293 0.00027618
4.90438983 -0.00034091
4.90595673 0.00027636
4.90752362 -0.00034057
4.90909052 0.00027549
4.91065742 -0.00034094
4.91222432 0.00027471
4.91379122 -0.00034058
4.91535811 0.00027498
4.91692501 -0.00033924
4.91849191 0.00027582
4.92005881 -0.00033799
4.92162570 0.00027566
4.92319260 -0.00033861
4.92475950 0.00027363
4.92632640 -0.00034088
4.92789329 0.00027065
4.92946019 -0.00034323
4.93102709 0.00026824
4.93259399 -0.00034413
4.93416089 0.00026741
4.93572778 -0.00034321
4.93729468 0.00026818
4.93886158 -0.00034084
4.94042848 0.00027030
4.94199537 -0.00033835
4.94356227 0.00027178
4.94512917 -0.00033755
4.94669607 0.00027140
4.94826296 -0.00033847
4.94982986 0.00026959
4.95139676 -0.00033922
4.95296366 0.00026889
4.95453056 -0.00033843
4.95609745 0.00026946
4.95766435 -0.00033645
4.95923125 0.00027079
4.96079815 -0.00033480
4.96236504 0.00027165
4.96393194 -0.00033408
4.96549884 0.00027151
4.96706574 -0.00033423
4.96863264 0.00027062
4.97019953 -0.00033471
4.97176643 0.00026952
4.97333333 -0.00033525
4.97490023 0.00026837
4.97646712 -0.00033560
4.97803402 0.00026750
4.97960092 -0.00033581
4.98116782 0.00026728
4.98273471 -0.00033492
4.98430161 0.00026783
4.98586851 -0.00033362
4.98743541 0.00026864
4.98900231 -0.00033262
4.99056920 0.00026887
4.99213610 -0.00033261
4.99370300 0.00026824
4.99526990 -0.00033257
4.99683679 0.00026763
4.99840369 -0.00033249
4.99997059 0.00026737
5.00153749 -0.00033232
5.00310438 0.00026702
5.00467128 -0.00033220
5.00623818 0.00026655
5.00780508 -0.00033232
5.00937198 0.00026563
5.01093887 -0.00033305
5.01250577 0.00026478
5.01407267 -0.00033317
5.01563957 0.00026410
5.01720646 -0.00033246
5.01877336 0.00026511
5.02034026 -0.00033102
5.02190716 0.00026631
5.02347405 -0.00032976
5.02504095 0.00026684
5.02660785 -0.00032932
5.02817475 0.00026584
5.02974165 -0.00033019
5.03130854 0.00026457
5.03287544 -0.00033060
5.03444234 0.00026391
5.03600924 -0.00032963
5.03757613 0.00026516
5.03914303 -0.00032782
5.04070993 0.00026654
5.04227683 -0.00032621
5.04384373 0.00026714
5.04541062 -0.00032552
5.04697752 0.00026704
5.04854442 -0.00032538
5.05011132 0.00026646
5.05167821 -0.00032591
5.05324511 0.00026508
5.05481201 -0.00032673
5.05637891 0.00026399
5.05794580 -0.00032656
5.05951270 0.00026382
5.06107960 -0.00032528
5.06264650 0.00026426
5.06421340 -0.00032412
5.06578029 0.00026424
5.06734719 -0.00032410
5.06891409 0.00026376
5.07048099 -0.00032429
5.07204788 0.00026305
5.07361478 -0.00032456
5.07518168 0.00026242
5.07674858 -0.00032448
5.07831547 0.00026167
5.07988237 -0.00032438
5.08144927 0.00026114
5.08301617 -0.00032384
5.08458307 0.00026088
5.08614996 -0.00032341
5.08771686 0.00026074
5.08928376 -0.00032305
5.09085066 0.00026048
5.09241755 -0.00032293
5.09398445 0.00026028
5.09555135 -0.00032243
5.09711825 0.00026059
5.09868514 -0.00032161
5.10025204 0.00026121
5.10181894 -0.00032045
5.10338584 0.00026161
5.10495274 -0.00031949
5.10651963 0.00026148
5.10808653 -0.00031901
5.10965343 0.00026110
5.11122033 -0.00031939
5.11278722 0.00026006
5.11435412 -0.00031986
5.11592102 0.00025917
5.11748792 -0.00031981
5.11905482 0.00025931
5.12062171 -0.00031860
5.12218861 0.00026020
5.12375551 -0.00031695
5.12532241 0.00026089
5.12688930 -0.00031544
5.12845620 0.00026115
5.13002310 -0.00031471
5.13159000 0.00026088
5.13315689 -0.00031475
5.13472379 0.00025987
5.13629069 -0.00031545
5.13785759 0.00025837
5.13942449 -0.00031610
5.14099138 0.00025716
5.14255828 -0.00031643
5.14412518 0.00025669
5.14569208 -0.00031573
5.14725897 0.00025661
5.14882587 -0.00031440
5.15039277 0.00025716
5.15195967 -0.00031294
5.15352656 0.00025782
5.15509346 -0.00031196
5.15666036 0.00025788
5.15822726 -0.00031182
5.15979416 0.00025713
5.16136105 -0.00031253
5.16292795 0.00025596
5.16449485 -0.00031308
5.16606175 0.00025499
5.16762864 -0.00031290
5.16919554 0.00025494
5.17076244 -0.00031185
5.17232934 0.00025548
5.17389623 -0.00031060
5.17546313 0.00025605
5.17703003 -0.00030974
5.17859693 0.00025620
5.18016383 -0.00030965
5.18173072 0.00025551
5.18329762 -0.00031023
5.18486452 0.00025446
5.18643142 -0.00031051
5.18799831 0.00025379
5.18956521 -0.00030999
5.19113211 0.00025416
5.19269901 -0.00030904
5.19426591 0.00025453
5.19583280 -0.00030834
5.19739970 0.00025473
5.19896660 -0.00030775
5.20053350 0.00025476
5.20210039 -0.00030720
5.20366729 0.00025498
5.20523419 -0.00030649
5.20680109 0.00025476
5.20836798 -0.00030631
5.20993488 0.00025396
5.21150178 -0.00030703
5.21306868 0.00025211
5.21463558 -0.00030831
5.21620247 0.00025076
5.21776937 -0.00030838
5.21933627 0.00025073
5.22090317 -0.00030708
5.22247006 0.00025166
5.22403696 -0.00030579
5.22560386 0.00025189
5.22717076 -0.00030530
5.22873765 0.00025166
5.23030455 -0.00030488
5.23187145 0.00025142
5.23343835 -0.00030438
5.23500525 0.00025128
5.23657214 -0.00030394
5.23813904 0.00025095
5.23970594 -0.00030336
5.24127284 0.00025059
5.24283973 -0.00030313
5.24440663 0.00024993
5.24597353 -0.00030326
5.24754043 0.00024896
5.24910732 -0.00030363
5.25067422 0.00024780
5.25224112 -0.00030434
5.25380802 0.00024650
5.25537492 -0.00030531
5.25694181 0.00024519
5.25850871 -0.00030561
5.26007561 0.00024480
5.26164251 -0.00030442
5.26320940 0.00024576
5.26477630 -0.00030241
5.26634320 0.00024724
5.26791010 -0.00030031
5.26947700 0.00024794
5.27104389 -0.00029926
5.27261079 0.00024796
5.27417769 -0.00029934
5.27574459 0.00024685
5.27731148 -0.00029969
5.27887838 0.00024614
5.28044528 -0.00029946
5.28201218 0.00024625
5.28357907 -0.00029847
5.28514597 0.00024687
5.28671287 -0.00029708
5.28827977 0.00024696
5.28984667 -0.00029597
5.29141356 0.00024724
5.29298046 -0.00029537
5.29454736 0.00024659
5.29611426 -0.00029563
5.29768115 0.00024520
5.29924805 -0.00029682
5.30081495 0.00024377
5.30238185 -0.00029752
5.30394874 0.00024281
5.30551564 -0.00029729
5.30708254 0.00024245
5.30864944 -0.00029683
5.31021634 0.00024228
5.31178323 -0.00029588
5.31335013 0.00024257
5.31491703 -0.00029475
5.31648393 0.00024319
5.31805082 -0.00029386
5.31961772 0.00024315
5.32118462 -0.00029343
5.32275152 0.00024254
5.32431841 -0.00029316
5.32588531 0.00024232
5.32745221 -0.00029322
5.32901911 0.00024190
5.33058601 -0.00029273
5.33215290 0.00024161
5.33371980 -0.00029192
5.33528670 0.00024226
5.33685360 -0.00029039
5.33842049 0.00024277
5.33998739 -0.00028948
5.34155429 0.00024218
5.34312119 -0.00028963
5.34468809 0.00024127
5.34625498 -0.00029026
5.34782188 0.00024043
5.34938878 -0.00029056
5.35095568 0.00023985
5.35252257 -0.00029051
5.35408947 0.00023947
5.35565637 -0.00028973
5.35722327 0.00023980
5.35879016 -0.00028827
5.36035706 0.00024034
5.36192396 -0.00028711
5.36349086 0.00024022
5.36505776 -0.00028703
5.36662465 0.00023914
5.36819155 -0.00028771
5.36975845 0.00023802
5.37132535 -0.00028817
5.37289224 0.00023731
5.37445914 -0.00028809
5.37602604 0.00023680
5.37759294 -0.00028770
5.37915983 0.00023627
5.38072673 -0.00028716
5.38229363 0.00023614
5.38386053 -0.00028625
5.38542743 0.00023651
5.38699432 -0.00028502
5.38856122 0.00023698
5.39012812 -0.00028396
5.39169502 0.00023710
5.39326191 -0.00028367
5.39482881 0.00023646
5.39639571 -0.00028377
5.39796261 0.00023529
5.39952951 -0.00028395
5.40109640 0.00023436
5.40266330 -0.00028385
5.40423020 0.00023392
5.40579710 -0.00028370
5.40736399 0.00023342
5.40893089 -0.00028351
5.41049779 0.00023323
5.41206469 -0.00028304
5.41363158 0.00023334
5.41519848 -0.00028181
5.41676538 0.00023374
5.41833228 -0.00028108
5.41989918 0.00023341
5.42146607 -0.00028084
5.42303297 0.00023275
5.42459987 -0.00028059
5.42616677 0.00023261
5.42773366 -0.00027949
5.42930056 0.00023316
5.43086746 -0.00027852
5.43243436 0.00023317
5.43400125 -0.00027821
5.43556815 0.00023213
5.43713505 -0.00027893
5.43870195 0.00023083
5.44026885 -0.00027931
5.44183574 0.00022977
5.44340264 -0.00027927
5.44496954 0.00022924
5.44653644 -0.00027868
5.44810333 0.00022871
5.44967023 -0.00027837
5.45123713 0.00022796
5.45280403 -0.00027832
5.45437092 0.00022686
5.45593782 -0.00027862
5.45750472 0.00022574
5.45907162 -0.00027871
5.46063852 0.00022499
5.46220541 -0.00027831
5.46377231 0.00022521
5.46533921 -0.00027675
5.46690611 0.00022632
5.46847300 -0.00027430
5.47003990 0.00022787
5.47160680 -0.00027190
5.47317370 0.00022880
5.47474060 -0.00027057
5.47630749 0.00022877
5.47787439 -0.00027040
5.47944129 0.00022795
5.48100819 -0.00027055
5.48257508 0.00022736
5.48414198 -0.00027001
5.48570888 0.00022731
5.48727578 -0.00026908
5.48884267 0.00022730
5.49040957 -0.00026840
5.49197647 0.00022706
5.49354337 -0.00026786
5.49511027 0.00022675
5.49667716 -0.00026744
5.49824406 0.00022633
5.49981096 -0.00026762
5.50137786 0.00022512
5.50294475 -0.00026850
5.50451165 0.00022342
5.50607855 -0.00026908
5.50764545 0.00022248
5.50921234 -0.00026856
5.51077924 0.00022266
5.51234614 -0.00026736
5.51391304 0.00022272
5.51547994 -0.00026675
5.51704683 0.00022251
5.51861373 -0.00026641
5.52018063 0.00022253
5.52174753 -0.00026548
5.52331442 0.00022292
5.52488132 -0.00026461
5.52644822 0.00022278
5.52801512 -0.00026459
5.52958201 0.00022155
5.53114891 -0.00026508
5.53271581 0.00022001
5.53428271 -0.00026542
5.53584961 0.00021930
5.53741650 -0.00026520
5.53898340 0.00021945
5.54055030 -0.00026424
5.54211720 0.00021966
5.54368409 -0.00026328
5.54525099 0.00021984
5.54681789 -0.00026272
5.54838479 0.00021941
5.54995169 -0.00026266
5.55151858 0.00021841
5.55308548 -0.00026280
5.55465238 0.00021757
5.55621928 -0.00026252
5.55778617 0.00021771
5.55935307 -0.00026134
5.56091997 0.00021837
5.56248687 -0.00025986
5.56405376 0.00021873
5.56562066 -0.00025884
5.56718756 0.00021853
5.56875446 -0.00025848
5.57032136 0.00021797
5.57188825 -0.00025830
5.57345515 0.00021747
5.57502205 -0.00025817
5.57658895 0.00021703
5.57815584 -0.00025777
5.57972274 0.00021674
5.58128964 -0.00025719
5.58285654 0.00021664
5.58442343 -0.00025641
5.58599033 0.00021638
5.58755723 -0.00025616
5.58912413 0.00021528
5.59069103 -0.00025672
5.59225792 0.00021349
5.59382482 -0.00025767
5.59539172 0.00021204
5.59695862 -0.00025799
5.59852551 0.00021132
5.60009241 -0.00025756
5.60165931 0.00021122
5.60322621 -0.00025682
5.60479310 0.00021141
5.60636000 -0.00025599
5.60792690 0.00021159
5.60949380 -0.00025458
5.61106070 0.00021225
5.61262759 -0.00025295
5.61419449 0.00021284
5.61576139 -0.00025206
5.61732829 0.00021228
5.61889518 -0.00025279
5.62046208 0.00021019
5.62202898 -0.00025439
5.62359588 0.00020849
5.62516278 -0.00025477
5.62672967 0.00020829
5.62829657 -0.00025336
5.62986347 0.00020925
5.63143037 -0.00025159
5.63299726 0.00021010
5.63456416 -0.00025030
5.63613106 0.00021032
5.63769796 -0.00024954
5.63926485 0.00021015
5.64083175 -0.00024908
5.64239865 0.00020966
5.64396555 -0.00024926
5.64553245 0.00020865
5.64709934 -0.00024976
5.64866624 0.00020729
5.65023314 -0.00024995
5.65180004 0.00020670
5.65336693 -0.00024907
5.65493383 0.00020744
5.65650073 -0.00024711
5.65806763 0.00020856
5.65963452 -0.00024500
5.66120142 0.00020937
5.66276832 -0.00024341
5.66433522 0.00020967
5.66590212 -0.00024283
5.66746901 0.00020882
5.66903591 -0.00024358
5.67060281 0.00020657
5.67216971 -0.00024536
5.67373660 0.00020421
5.67530350 -0.00024663
5.67687040 0.00020258
5.67843730 -0.00024645
5.68000419 0.00020253
5.68157109 -0.00024527
5.68313799 0.00020293
5.68470489 -0.00024402
5.68627179 0.00020331
5.68783868 -0.00024315
5.68940558 0.00020325
5.69097248 -0.00024220
5.69253938 0.00020405
5.69410627 -0.00024062
5.69567317 0.00020450
5.69724007 -0.00023968
5.69880697 0.00020388
5.70037387 -0.00024041
5.70194076 0.00020193
5.70350766 -0.00024160
5.70507456 0.00020054
5.70664146 -0.00024183
5.70820835 0.00020016
5.70977525 -0.00024098
5.71134215 0.00020070
5.71290905 -0.00023947
5.71447594 0.00020160
5.71604284 -0.00023777
5.71760974 0.00020236
5.71917664 -0.00023678
5.72074354 0.00020215
5.72231043 -0.00023626
5.72387733 0.00020166
5.72544423 -0.00023577
5.72701113 0.00020129
5.72857802 -0.00023568
5.73014492 0.00020052
5.73171182 -0.00023632
5.73327872 0.00019902
5.73484561 -0.00023695
5.73641251 0.00019811
5.73797941 -0.00023662
5.73954631 0.00019813
5.74111321 -0.00023562
5.74268010 0.00019828
5.74424700 -0.00023478
5.74581390 0.00019781
5.74738080 -0.00023457
5.74894769 0.00019693
5.75051459 -0.00023459
5.75208149 0.00019655
5.75364839 -0.00023437
5.75521528 0.00019623
5.75678218 -0.00023356
5.75834908 0.00019628
5.75991598 -0.00023251
5.76148288 0.00019648
5.76304977 -0.00023155
5.76461667 0.00019658
5.76618357 -0.00023117
5.76775047 0.00019569
5.76931736 -0.00023106
5.77088426 0.00019508
5.77245116 -0.00023071
5.77401806 0.00019524
5.77558496 -0.00022961
5.77715185 0.00019563
5.77871875 -0.00022874
5.78028565 0.00019530
5.78185255 -0.00022842
5.78341944 0.00019450
5.78498634 -0.00022829
5.78655324 0.00019411
5.78812014 -0.00022760
5.78968703 0.00019424
5.79125393 -0.00022669
5.79282083 0.00019416
5.79438773 -0.00022640
5.79595463 0.00019353
5.79752152 -0.00022653
5.79908842 0.00019283
5.80065532 -0.00022639
5.80222222 0.00019238
5.80378911 -0.00022593
5.80535601 0.00019200
5.80692291 -0.00022538
5.80848981 0.00019157
5.81005670 -0.00022513
5.81162360 0.00019110
5.81319050 -0.00022477
5.81475740 0.00019045
5.81632430 -0.00022439
5.81789119 0.00019021
5.81945809 -0.00022369
5.82102499 0.00019028
5.82259189 -0.00022317
5.82415878 0.00019002
5.82572568 -0.00022281
5.82729258 0.00018900
5.82885948 -0.00022317
5.83042637 0.00018769
5.83199327 -0.00022357
5.83356017 0.00018641
5.83512707 -0.00022341
5.83669397 0.00018593
5.83826086 -0.00022254
5.83982776 0.00018641
5.84139466 -0.00022110
5.84296156 0.00018716
5.84452845 -0.00021957
5.84609535 0.00018766
5.84766225 -0.00021844
5.84922915 0.00018745
5.85079605 -0.00021784
5.85236294 0.00018711
5.85392984 -0.00021747
5.85549674 0.00018633
5.85706364 -0.00021763
5.85863053 0.00018549
5.86019743 -0.00021805
5.86176433 0.00018411
5.86333123 -0.00021833
5.86489812 0.00018337
5.86646502 -0.00021789
5.86803192 0.00018303
5.86959882 -0.00021702
5.87116572 0.00018316
5.87273261 -0.00021589
5.87429951 0.00018325
5.87586641 -0.00021501
5.87743331 0.00018349
5.87900020 -0.00021432
5.88056710 0.00018317
5.88213400 -0.00021432
5.88370090 0.00018205
5.88526779 -0.00021488
5.88683469 0.00018058
5.88840159 -0.00021484
5.88996849 0.00018009
5.89153539 -0.00021351
5.89310228 0.00018048
5.89466918 -0.00021217
5.89623608 0.00018049
5.89780298 -0.00021191
5.89936987 0.00017937
5.90093677 -0.00021232
5.90250367 0.00017859
5.90407057 -0.00021178
5.90563746 0.00017861
5.90720436 -0.00021028
5.90877126 0.00017890
5.91033816 -0.00020942
5.91190506 0.00017812
5.91347195 -0.00020977
5.91503885 0.00017669
5.91660575 -0.00021012
5.91817265 0.00017578
5.91973954 -0.00020940
5.92130644 0.00017612
5.92287334 -0.00020788
5.92444024 0.00017642
5.92600714 -0.00020662
5.92757403 0.00017621
5.92914093 -0.00020644
5.93070783 0.00017513
5.93227473 -0.00020688
5.93384162 0.00017382
5.93540852 -0.00020702
5.93697542 0.00017301
5.93854232 -0.00020643
5.94010921 0.00017317
5.94167611 -0.00020507
5.94324301 0.00017363
5.94480991 -0.00020357
5.94637681 0.00017392
5.94794370 -0.00020245
5.94951060 0.00017381
5.95107750 -0.00020172
5.95264440 0.00017323
5.95421129 -0.00020135
5.95577819 0.00017237
5.95734509 -0.00020157
5.95891199 0.00017134
5.96047888 -0.00020179
5.96204578 0.00017026
5.96361268 -0.00020174
5.96517958 0.00016954
5.96674648 -0.00020126
5.96831337 0.00016943
5.96988027 -0.00020018
5.97144717 0.00016934
5.97301407 -0.00019887
5.97458096 0.00016923
5.97614786 -0.00019835
5.97771476 0.00016849
5.97928166 -0.00019849
5.98084856 0.00016736
5.98241545 -0.00019850
5.98398235 0.00016652
5.98554925 -0.00019803
5.98711615 0.00016662
5.98868304 -0.00019669
5.99024994 0.00016682
5.99181684 -0.00019531
5.99338374 0.00016685
5.99495063 -0.00019459
5.99651753 0.00016621
5.99808443 -0.00019450
5.99965133 0.00016517
6.00121823 -0.00019442
6.00278512 0.00016442
6.00435202 -0.00019383
6.00591892 0.00016439
6.00748582 -0.00019254
6.00905271 0.00016454
6.01061961 -0.00019151
6.01218651 0.00016443
6.01375341 -0.00019106
6.01532030 0.00016355
6.01688720 -0.00019101
6.01845410 0.00016269
6.02002100 -0.00019091
6.02158790 0.00016191
6.02315479 -0.00019079
6.02472169 0.00016116
6.02628859 -0.00019021
6.02785549 0.00016091
6.02942238 -0.00018927
6.03098928 0.00016124
6.03255618 -0.00018808
6.03412308 0.00016101
6.03568997 -0.00018750
6.03725687 0.00016039
6.03882377 -0.00018725
6.04039067 0.00016002
6.04195757 -0.00018633
6.04352446 0.00016009
6.04509136 -0.00018520
6.04665826 0.00015993
6.04822516 -0.00018457
6.04979205 0.00015937
6.05135895 -0.00018454
6.05292585 0.00015838
6.05449275 -0.00018456
6.05605965 0.00015760
6.05762654 -0.00018433
6.05919344 0.00015688
6.06076034 -0.00018399
6.06232724 0.00015621
6.06389413 -0.00018375
6.06546103 0.00015525
6.06702793 -0.00018363
6.06859483 0.00015441
6.07016172 -0.00018343
6.07172862 0.00015375
6.07329552 -0.00018300
6.07486242 0.00015342
6.07642932 -0.00018236
6.07799621 0.00015327
6.07956311 -0.00018139
6.08113001 0.00015362
6.08269691 -0.00017985
6.08426380 0.00015421
6.08583070 -0.00017817
6.08739760 0.00015453
6.08896450 -0.00017726
6.09053139 0.00015385
6.09209829 -0.00017700
6.09366519 0.00015316
6.09523209 -0.00017658
6.09679899 0.00015242
6.09836588 -0.00017625
6.09993278 0.00015143
6.10149968 -0.00017656
6.10306658 0.00014978
6.10463347 -0.00017717
6.10620037 0.00014844
6.10776727 -0.00017733
6.10933417 0.00014743
6.11090106 -0.00017709
6.11246796 0.00014712
6.11403486 -0.00017611
6.11560176 0.00014704
6.11716866 -0.00017447
6.11873555 0.00014768
6.12030245 -0.00017289
6.12186935 0.00014805
6.12343625 -0.00017190
6.12500314 0.00014785
6.12657004 -0.00017167
6.12813694 0.00014700
6.12970384 -0.00017152
6.13127074 0.00014616
6.13283763 -0.00017107
6.13440453 0.00014566
6.13597143 -0.00017047
6.13753833 0.00014546
6.13910522 -0.00016969
6.14067212 0.00014511
6.14223902 -0.00016895
6.14380592 0.00014493
6.14537281 -0.00016816
6.14693971 0.00014497
6.14850661 -0.00016699
6.15007351 0.00014494
6.15164041 -0.00016596
6.15320730 0.00014460
6.15477420 -0.00016563
6.15634110 0.00014382
6.15790800 -0.00016572
6.15947489 0.00014284
6.16104179 -0.00016562
6.16260869 0.00014206
6.16417559 -0.00016530
6.16574248 0.00014132
6.16730938 -0.00016498
6.16887628 0.00014044
6.17044318 -0.00016486
6.17201008 0.00013980
6.17357697 -0.00016434
6.17514387 0.00013957
6.17671077 -0.00016310
6.17827767 0.00014004
6.17984456 -0.00016183
6.18141146 0.00014005
6.18297836 -0.00016116
6.18454526 0.00013920
6.18611215 -0.00016100
6.18767905 0.00013810
6.18924595 -0.00016073
6.19081285 0.00013748
6.19237975 -0.00016041
6.19394664 0.00013662
6.19551354 -0.00016052
6.19708044 0.00013546
6.19864734 -0.00016052
6.20021423 0.00013457
6.20178113 -0.00015982
6.20334803 0.00013437
6.20491493 -0.00015902
6.20648183 0.00013402
6.20804872 -0.00015852
6.20961562 0.00013330
6.21118252 -0.00015801
6.21274942 0.00013276
6.21431631 -0.00015707
6.21588321 0.00013291
6.21745011 -0.00015597
6.21901701 0.00013271
6.22058390 -0.00015541
6.22215080 0.00013176
6.22371770 -0.00015577
6.22528460 0.00013047
6.22685150 -0.00015604
6.22841839 0.00012959
6.22998529 -0.00015519
6.23155219 0.00012989
6.23311909 -0.00015341
6.23468598 0.00013063
6.23625288 -0.00015152
6.23781978 0.00013123
6.23938668 -0.00015034
6.24095357 0.00013113
6.24252047 -0.00014940
6.24408737 0.00013105
6.24565427 -0.00014832
6.24722117 0.00013088
6.24878806 -0.00014753
6.25035496 0.00013029
6.25192186 -0.00014746
6.25348876 0.00012898
6.25505565 -0.00014756
6.25662255 0.00012776
6.25818945 -0.00014765
6.25975635 0.00012690
6.26132324 -0.00014744
6.26289014 0.00012597
6.26445704 -0.00014706
6.26602394 0.00012544
6.26759084 -0.00014609
6.26915773 0.00012560
6.27072463 -0.00014444
6.27229153 0.00012581
6.27385843 -0.00014312
6.27542532 0.00012524
6.27699222 -0.00014288
6.27855912 0.00012407
6.28012602 -0.00014312
6.28169292 0.00012284
6.28325981 -0.00014307
6.28482671 0.00012197
6.28639361 -0.00014311
6.28796051 0.00012074
6.28952740 -0.00014314
6.29109430 0.00011942
6.29266120 -0.00014315
6.29422810 0.00011835
6.29579499 -0.00014228
6.29736189 0.00011834
6.29892879 -0.00014071
6.30049569 0.00011884
6.30206259 -0.00013913
6.30362948 0.00011900
6.30519638 -0.00013828
6.30676328 0.00011854
6.30833018 -0.00013755
6.30989707 0.00011820
6.31146397 -0.00013673
6.31303087 0.00011796
6.31459777 -0.00013573
6.31616466 0.00011734
6.31773156 -0.00013511
6.31929846 0.00011661
6.32086536 -0.00013467
6.32243226 0.00011585
6.32399915 -0.00013421
6.32556605 0.00011506
6.32713295 -0.00013373
6.32869985 0.00011423
6.33026674 -0.00013338
6.33183364 0.00011320
6.33340054 -0.00013310
6.33496744 0.00011234
6.33653433 -0.00013244
6.33810123 0.00011191
6.33966813 -0.00013127
6.34123503 0.00011214
6.34280193 -0.00013000
6.34436882 0.00011196
6.34593572 -0.00012958
6.34750262 0.00011076
6.34906952 -0.00012983
6.35063641 0.00010916
6.35220331 -0.00012965
6.35377021 0.00010854
6.35533711 -0.00012859
6.35690401 0.00010845
6.35847090 -0.00012767
6.36003780 0.00010788
6.36160470 -0.00012733
6.36317160 0.00010718
6.36473849 -0.00012673
6.36630539 0.00010696
6.36787229 -0.00012555
6.36943919 0.00010706
6.37100608 -0.00012434
6.37257298 0.00010719
6.37413988 -0.00012314
6.37570678 0.00010735
6.37727368 -0.00012163
6.37884057 0.00010751
6.38040747 -0.00012050
6.38197437 0.00010717
6.38354127 -0.00012010
6.38510816 0.00010618
6.38667506 -0.00012012
6.38824196 0.00010513
6.38980886 -0.00011981
6.39137575 0.00010457
6.39294265 -0.00011926
6.39450955 0.00010399
6.39607645 -0.00011890
6.39764335 0.00010274
6.39921024 -0.00011898
6.40077714 0.00010147
6.40234404 -0.00011914
6.40391094 0.00010071
6.40547783 -0.00011859
6.40704473 0.00010046
6.40861163 -0.00011759
6.41017853 0.00010024
6.41174542 -0.00011651
6.41331232 0.00010015
6.41487922 -0.00011550
6.41644612 0.00009981
6.41801302 -0.00011465
6.41957991 0.00009970
6.42114681 -0.00011406
6.42271371 0.00009942
6.42428061 -0.00011327
6.42584750 0.00009917
6.42741440 -0.00011216
6.42898130 0.00009881
6.43054820 -0.00011141
6.43211510 0.00009843
6.43368199 -0.00011111
6.43524889 0.00009698
6.43681579 -0.00011168
6.43838269 0.00009548
6.43994958 -0.00011226
6.44151648 0.00009403
6.44308338 -0.00011195
6.44465028 0.00009368
6.44621717 -0.00011060
6.44778407 0.00009371
6.44935097 -0.00010906
6.45091787 0.00009393
6.45248477 -0.00010790
6.45405166 0.00009380
6.45561856 -0.00010683
6.45718546 0.00009400
6.45875236 -0.00010534
6.46031925 0.00009395
6.46188615 -0.00010419
6.46345305 0.00009323
6.46501995 -0.00010396
6.46658684 0.00009160
6.46815374 -0.00010441
6.46972064 0.00008969
6.47128754 -0.00010485
6.47285444 0.00008839
6.47442133 -0.00010471
6.47598823 0.00008760
6.47755513 -0.00010406
6.47912203 0.00008687
6.48068892 -0.00010352
6.48225582 0.00008579
6.48382272 -0.00010301
6.48538962 0.00008501
6.48695652 -0.00010213
6.48852341 0.00008474
6.49009031 -0.00010082
6.49165721 0.00008524
6.49322411 -0.00009897
6.49479100 0.00008598
6.49635790 -0.00009697
6.49792480 0.00008623
6.49949170 -0.00009609
6.50105859 0.00008516
6.50262549 -0.00009640
6.50419239 0.00008319
6.50575929 -0.00009709
6.50732619 0.00008165
6.50889308 -0.00009695
6.51045998 0.00008103
6.51202688 -0.00009617
6.51359378 0.00008085
6.51516067 -0.00009513
6.51672757 0.00008030
6.51829447 -0.00009422
6.51986137 0.00007990
6.52142826 -0.00009332
6.52299516 0.00007948
6.52456206 -0.00009224
6.52612896 0.00007948
6.52769586 -0.00009106
6.52926275 0.00007928
6.53082965 -0.00009038
6.53239655 0.00007854
6.53396345 -0.00009029
6.53553034 0.00007706
6.53709724 -0.00009017
6.53866414 0.00007605
6.54023104 -0.00008937
6.54179793 0.00007563
6.54336483 -0.00008837
6.54493173 0.00007532
6.54649863 -0.00008754
6.54806553 0.00007490
6.54963242 -0.00008688
6.55119932 0.00007420
6.55276622 -0.00008635
6.55433312 0.00007318
6.55590001 -0.00008606
6.55746691 0.00007192
6.55903381 -0.00008578
6.56060071 0.00007090
6.56216761 -0.00008510
6.56373450 0.00007053
6.56530140 -0.00008397
6.56686830 0.00007047
6.56843520 -0.00008264
6.57000209 0.00007019
6.57156899 -0.00008190
6.57313589 0.00006957
6.57470279 -0.00008160
6.57626968 0.00006831
6.57783658 -0.00008147
6.57940348 0.00006708
6.58097038 -0.00008141
6.58253728 0.00006591
6.58410417 -0.00008094
6.58567107 0.00006554
6.58723797 -0.00007966
6.58880487 0.00006577
6.59037176 -0.00007760
6.59193866 0.00006686
6.59350556 -0.00007519
6.59507246 0.00006761
6.59663935 -0.00007401
6.59820625 0.00006693
6.59977315 -0.00007436
6.60134005 0.00006492
6.60290695 -0.00007505
6.60447384 0.00006342
6.60604074 -0.00007470
6.60760764 0.00006315
6.60917454 -0.00007381
6.61074143 0.00006278
6.61230833 -0.00007286
6.61387523 0.00006217
6.61544213 -0.00007182
6.61700902 0.00006218
6.61857592 -0.00006998
6.62014282 0.00006278
6.62170972 -0.00006802
6.62327662 0.00006301
6.62484351 -0.00006667
6.62641041 0.00006228
6.62797731 -0.00006649
6.62954421 0.00006089
6.63111110 -0.00006690
6.63267800 0.00005901
6.63424490 -0.00006733
6.63581180 0.00005698
6.63737870 -0.00006726
6.63894559 0.00005601
6.64051249 -0.00006636
6.64207939 0.00005586
6.64364629 -0.00006486
6.64521318 0.00005580
6.64678008 -0.00006334
6.64834698 0.00005520
6.64991388 -0.00006226
6.65148077 0.00005463
6.65304767 -0.00006165
6.65461457 0.00005362
6.65618147 -0.00006126
6.65774837 0.00005264
6.65931526 -0.00006069
6.66088216 0.00005224
6.66244906 -0.00005955
6.66401596 0.00005187
6.66558285 -0.00005910
6.66714975 0.00004997
6.66871665 -0.00005974
6.67028355 0.00004770
6.67185044 -0.00006008
6.67341734 0.00004674
6.67498424 -0.00005880
6.67655114 0.00004713
6.67811804 -0.00005689
6.67968493 0.00004749
6.68125183 -0.00005537
6.68281873 0.00004732
6.68438563 -0.00005450
6.68595252 0.00004666
6.68751942 -0.00005399
6.68908632 0.00004586
6.69065322 -0.00005333
6.69222011 0.00004506
6.69378701 -0.00005263
6.69535391 0.00004435
6.69692081 -0.00005185
6.69848771 0.00004372
6.70005460 -0.00005080
6.70162150 0.00004318
6.70318840 -0.00004993
6.70475530 0.00004237
6.70632219 -0.00004969
6.70788909 0.00004088
6.70945599 -0.00004971
6.71102289 0.00003945
6.71258979 -0.00004929
6.71415668 0.00003879
6.71572358 -0.00004809
6.71729048 0.00003869
6.71885738 -0.00004647
6.72042427 0.00003879
6.72199117 -0.00004514
6.72355807 0.00003854
6.72512497 -0.00004388
6.72669186 0.00003838
6.72825876 -0.00004259
6.72982566 0.00003796
6.73139256 -0.00004156
6.73295946 0.00003728
6.73452635 -0.00004113
6.73609325 0.00003594
6.73766015 -0.00004114
6.73922705 0.00003491
6.74079394 -0.00004078
6.74236084 0.00003396
6.74392774 -0.00004012
6.74549464 0.00003329
6.74706153 -0.00003922
6.74862843 0.00003253
6.75019533 -0.00003817
6.75176223 0.00003238
6.75332913 -0.00003634
6.75489602 0.00003297
6.75646292 -0.00003447
6.75802982 0.00003317
6.75959672 -0.00003353
6.76116361 0.00003200
6.76273051 -0.00003412
6.76429741 0.00002971
6.76586431 -0.00003448
6.76743120 0.00002810
6.76899810 -0.00003412
6.77056500 0.00002717
6.77213190 -0.00003323
6.77369880 0.00002654
6.77526569 -0.00003225
6.77683259 0.00002604
6.77839949 -0.00003071
6.77996639 0.00002623
6.78153328 -0.00002905
6.78310018 0.00002630
6.78466708 -0.00002772
6.78623398 0.00002596
6.78780088 -0.00002717
6.78936777 0.00002529
6.79093467 -0.00002654
6.79250157 0.00002440
6.79406847 -0.00002617
6.79563536 0.00002317
6.79720226 -0.00002608
6.79876916 0.00002126
6.80033606 -0.00002636
6.80190295 0.00001935
6.80346985 -0.00002628
6.80503675 0.00001849
6.80660365 -0.00002545
6.80817055 0.00001826
6.80973744 -0.00002432
6.81130434 0.00001772
6.81287124 -0.00002378
6.81443814 0.00001710
6.81600503 -0.00002288
6.81757193 0.00001718
6.81913883 -0.00002045
6.82070573 0.00001843
6.82227262 -0.00001762
6.82383952 0.00001924
6.82540642 -0.00001603
6.82697332 0.00001834
6.82854022 -0.00001583
6.83010711 0.00001652
6.83167401 -0.00001623
6.83324091 0.00001506
6.83480781 -0.00001609
6.83637470 0.00001387
6.83794160 -0.00001568
6.83950850 0.00001299
6.84107540 -0.00001497
6.84264229 0.00001266
6.84420919 -0.00001349
6.84577609 0.00001261
6.84734299 -0.00001180
6.84890989 0.00001245
6.85047678 -0.00001097
6.85204368 0.00001128
6.85361058 -0.00001087
6.85517748 0.00000963
6.85674437 -0.00001070
6.85831127 0.00000827
6.85987817 -0.00001037
6.86144507 0.00000725
6.86301197 -0.00000970
6.86457886 0.00000635
6.86614576 -0.00000888
6.86771266 0.00000549
6.86927956 -0.00000785
6.87084645 0.00000483
6.87241335 -0.00000648
6.87398025 0.00000511
6.87554715 -0.00000417
6.87711404 0.00000576
6.87868094 -0.00000213
6.88024784 0.00000565
6.88181474 -0.00000143
6.88338164 0.00000414
6.88494853 -0.00000235
6.88651543 0.00000272
6.88808233 -0.00000368
6.88964923 0.00000100
6.89121612 -0.00000466
6.89278302 0.00000053
