# Energy(eV)  Abs(norm)
0.00000000 0.00000000
0.00344812 0.02305425
0.00689623 0.08470495
0.01034435 0.16594849
0.01379246 0.24557337
0.01724058 0.30898670
0.02068869 0.33717618
0.02413681 0.31238096
0.02758492 0.34185921
0.03103304 0.31028324
0.03448116 0.28825468
0.03792927 0.29305431
0.04137739 0.29925496
0.04482550 0.30093431
0.04827362 0.29119030
0.05172173 0.28436989
0.05516985 0.26515425
0.05861796 0.24532802
0.06206608 0.22208409
0.06551420 0.19839632
0.06896231 0.17147165
0.07241043 0.15595666
0.07585854 0.13452829
0.07930666 0.11639988
0.08275477 0.09836425
0.08620289 0.08689280
0.08965100 0.06859863
0.09309912 0.06124466
0.09654724 0.04888529
0.09999535 0.04751601
0.10344347 0.03961049
0.10689158 0.04100826
0.11033970 0.03614562
0.11378781 0.03861772
0.11723593 0.03439744
0.12068404 0.03674697
0.12413216 0.03381875
0.12758028 0.03639919
0.13102839 0.03387461
0.13447651 0.03731511
0.13792462 0.03421989
0.14137274 0.03733166
0.14482085 0.03486287
0.14826897 0.03832152
0.15171709 0.03607206
0.15516520 0.04025850
0.15861332 0.04064444
0.16206143 0.05194962
0.16550955 0.07178622
0.16895766 0.10994260
0.17240578 0.15892787
0.17585389 0.24400434
0.17930201 0.33162670
0.18275013 0.42465835
0.18619824 0.48693078
0.18964636 0.52339978
0.19309447 0.50783070
0.19654259 0.45903294
0.19999070 0.36946248
0.20343882 0.27253713
0.20688693 0.17475811
0.21033505 0.10696998
0.21378317 0.06240290
0.21723128 0.03475152
0.22067940 0.01672784
0.22412751 0.02268902
0.22757563 0.01732633
0.23102374 0.02171266
0.23447186 0.01675357
0.23791997 0.02089503
0.24136809 0.01566257
0.24481621 0.01951775
0.24826432 0.01486484
0.25171244 0.01851055
0.25516055 0.01363643
0.25860867 0.01694175
0.26205678 0.01271867
0.26550490 0.01548507
0.26895301 0.01211746
0.27240113 0.01448182
0.27584925 0.01200267
0.27929736 0.01475872
0.28274548 0.01219558
0.28619359 0.01532066
0.28964171 0.01297881
0.29308982 0.01634839
0.29653794 0.01393117
0.29998605 0.01749257
0.30343417 0.01533335
0.30688229 0.01865853
0.31033040 0.01650819
0.31377852 0.01990105
0.31722663 0.01737039
0.32067475 0.02065981
0.32412286 0.01794660
0.32757098 0.02138119
0.33101909 0.01871890
0.33446721 0.02278322
0.33791533 0.02079384
0.34136344 0.02577418
0.34481156 0.02537300
0.34825967 0.03188515
0.35170779 0.03271568
0.35515590 0.04031654
0.35860402 0.04349678
0.36205213 0.05223382
0.36550025 0.05529995
0.36894837 0.06552527
0.37239648 0.06957436
0.37584460 0.07964059
0.37929271 0.08341748
0.38274083 0.09666627
0.38618894 0.10365549
0.38963706 0.12788206
0.39308517 0.15411101
0.39653329 0.20279628
0.39998141 0.25543084
0.40342952 0.32883653
0.40687764 0.39844838
0.41032575 0.45900330
0.41377387 0.49177748
0.41722198 0.50158253
0.42067010 0.47565484
0.42411821 0.43436760
0.42756633 0.38498313
0.43101445 0.34771428
0.43446256 0.32036832
0.43791068 0.33005409
0.44135879 0.34717259
0.44480691 0.38935074
0.44825502 0.43270762
0.45170314 0.49514408
0.45515126 0.55773341
0.45859937 0.64251505
0.46204749 0.74435245
0.46549560 0.85330241
0.46894372 0.93754018
0.47239183 0.99602796
0.47583995 1.00000000
0.47928806 0.94870586
0.48273618 0.83617612
0.48618430 0.69139151
0.48963241 0.51814948
0.49308053 0.36611319
0.49652864 0.23532499
0.49997676 0.14124390
0.50342487 0.06763235
0.50687299 0.03099713
0.51032110 0.00834941
0.51376922 -0.00105109
0.51721734 -0.01278941
0.52066545 -0.01053065
0.52411357 -0.01790094
0.52756168 -0.01368511
0.53100980 -0.01982056
0.53445791 -0.01485194
0.53790603 -0.02036412
0.54135414 -0.01538953
0.54480226 -0.02047674
0.54825038 -0.01582311
0.55169849 -0.02103551
0.55514661 -0.01620443
0.55859472 -0.02162226
0.56204284 -0.01674906
0.56549095 -0.02212455
0.56893907 -0.01668125
0.57238718 -0.02187009
0.57583530 -0.01592547
0.57928342 -0.02093079
0.58273153 -0.01476039
0.58617965 -0.01955309
0.58962776 -0.01341617
0.59307588 -0.01820465
0.59652399 -0.01224250
0.59997211 -0.01681025
0.60342022 -0.01123842
0.60686834 -0.01600247
0.61031646 -0.01060983
0.61376457 -0.01571350
0.61721269 -0.01035896
0.62066080 -0.01563995
0.62410892 -0.01019151
0.62755703 -0.01555453
0.63100515 -0.00987283
0.63445326 -0.01531354
0.63790138 -0.00945981
0.64134950 -0.01508350
0.64479761 -0.00920348
0.64824573 -0.01473359
0.65169384 -0.00919956
0.65514196 -0.01442490
0.65859007 -0.00891896
0.66203819 -0.01403491
0.66548630 -0.00859214
0.66893442 -0.01368989
0.67238254 -0.00827560
0.67583065 -0.01356404
0.67927877 -0.00816118
0.68272688 -0.01357694
0.68617500 -0.00814557
0.68962311 -0.01350066
0.69307123 -0.00793316
0.69651934 -0.01323045
0.69996746 -0.00768294
0.70341558 -0.01291627
0.70686369 -0.00743841
0.71031181 -0.01263097
0.71375992 -0.00727546
0.71720804 -0.01240429
0.72065615 -0.00708114
0.72410427 -0.01223007
0.72755238 -0.00688826
0.73100050 -0.01209188
0.73444862 -0.00673621
0.73789673 -0.01195982
0.74134485 -0.00657684
0.74479296 -0.01175612
0.74824108 -0.00635164
0.75168919 -0.01149877
0.75513731 -0.00605263
0.75858543 -0.01121687
0.76203354 -0.00580143
0.76548166 -0.01101225
0.76892977 -0.00559668
0.77237789 -0.01084243
0.77582600 -0.00539057
0.77927412 -0.01065586
0.78272223 -0.00512927
0.78617035 -0.01041275
0.78961847 -0.00482753
0.79306658 -0.01009965
0.79651470 -0.00457034
0.79996281 -0.00981763
0.80341093 -0.00429447
0.80685904 -0.00957100
0.81030716 -0.00406780
0.81375527 -0.00936806
0.81720339 -0.00389325
0.82065151 -0.00922507
0.82409962 -0.00380151
0.82754774 -0.00916899
0.83099585 -0.00363967
0.83444397 -0.00898683
0.83789208 -0.00340038
0.84134020 -0.00843231
0.84478831 -0.00280567
0.84823643 -0.00759982
0.85168455 -0.00202161
0.85513266 -0.00691570
0.85858078 -0.00157173
0.86202889 -0.00672589
0.86547701 -0.00155665
0.86892512 -0.00710726
0.87237324 -0.00190561
0.87582135 -0.00729809
0.87926947 -0.00181520
0.88271759 -0.00704917
0.88616570 -0.00129934
0.88961382 -0.00623484
0.89306193 -0.00077711
0.89651005 -0.00574863
0.89995816 -0.00071837
0.90340628 -0.00612605
0.90685439 -0.00139805
0.91030251 -0.00695871
0.91375063 -0.00214968
0.91719874 -0.00770751
0.92064686 -0.00252217
0.92409497 -0.00776914
0.92754309 -0.00238517
0.93099120 -0.00754868
0.93443932 -0.00217447
0.93788743 -0.00745940
0.94133555 -0.00229305
0.94478367 -0.00761825
0.94823178 -0.00260993
0.95167990 -0.00802361
0.95512801 -0.00299482
0.95857613 -0.00837487
0.96202424 -0.00327458
0.96547236 -0.00860665
0.96892047 -0.00352299
0.97236859 -0.00872608
0.97581671 -0.00364978
0.97926482 -0.00879560
0.98271294 -0.00372929
0.98616105 -0.00875207
0.98960917 -0.00369483
0.99305728 -0.00866902
0.99650540 -0.00358586
0.99995351 -0.00852832
1.00340163 -0.00347616
1.00684975 -0.00841664
1.01029786 -0.00339940
1.01374598 -0.00833962
1.01719409 -0.00334235
1.02064221 -0.00827981
1.02409032 -0.00330084
1.02753844 -0.00824802
1.03098656 -0.00330342
1.03443467 -0.00825000
1.03788279 -0.00337004
1.04133090 -0.00828784
1.04477902 -0.00342460
1.04822713 -0.00834230
1.05167525 -0.00346193
1.05512336 -0.00835234
1.05857148 -0.00347233
1.06201960 -0.00832628
1.06546771 -0.00344416
1.06891583 -0.00824864
1.07236394 -0.00337379
1.07581206 -0.00815305
1.07926017 -0.00328317
1.08270829 -0.00804187
1.08615640 -0.00320269
1.08960452 -0.00794811
1.09305264 -0.00312753
1.09650075 -0.00787584
1.09994887 -0.00304475
1.10339698 -0.00780170
1.10684510 -0.00299022
1.11029321 -0.00773459
1.11374133 -0.00294765
1.11718944 -0.00768871
1.12063756 -0.00292834
1.12408568 -0.00767009
1.12753379 -0.00292245
1.13098191 -0.00765913
1.13443002 -0.00291665
1.13787814 -0.00764629
1.14132625 -0.00290039
1.14477437 -0.00761731
1.14822248 -0.00286877
1.15167060 -0.00758116
1.15511872 -0.00284090
1.15856683 -0.00754563
1.16201495 -0.00281838
1.16546306 -0.00751533
1.16891118 -0.00279552
1.17235929 -0.00748858
1.17580741 -0.00277034
1.17925552 -0.00745646
1.18270364 -0.00274664
1.18615176 -0.00742428
1.18959987 -0.00271701
1.19304799 -0.00738968
1.19649610 -0.00268670
1.19994422 -0.00735142
1.20339233 -0.00265881
1.20684045 -0.00731845
1.21028856 -0.00263886
1.21373668 -0.00730182
1.21718480 -0.00262332
1.22063291 -0.00729028
1.22408103 -0.00261096
1.22752914 -0.00726648
1.23097726 -0.00259100
1.23442537 -0.00722950
1.23787349 -0.00256038
1.24132160 -0.00719289
1.24476972 -0.00253151
1.24821784 -0.00716495
1.25166595 -0.00251399
1.25511407 -0.00714075
1.25856218 -0.00249936
1.26201030 -0.00711483
1.26545841 -0.00248164
1.26890653 -0.00708386
1.27235464 -0.00246815
1.27580276 -0.00706386
1.27925088 -0.00245647
1.28269899 -0.00706460
1.28614711 -0.00245097
1.28959522 -0.00704390
1.29304334 -0.00242469
1.29649145 -0.00698891
1.29993957 -0.00235689
1.30338768 -0.00690236
1.30683580 -0.00227647
1.31028392 -0.00681761
1.31373203 -0.00223034
1.31718015 -0.00677240
1.32062826 -0.00225604
1.32407638 -0.00679568
1.32752449 -0.00229326
1.33097261 -0.00685817
1.33442073 -0.00232886
1.33786884 -0.00689825
1.34131696 -0.00233329
1.34476507 -0.00688495
1.34821319 -0.00229842
1.35166130 -0.00684018
1.35510942 -0.00225274
1.35855753 -0.00677783
1.36200565 -0.00219253
1.36545377 -0.00672599
1.36890188 -0.00216666
1.37235000 -0.00669894
1.37579811 -0.00215033
1.37924623 -0.00670668
1.38269434 -0.00215213
1.38614246 -0.00672705
1.38959057 -0.00214952
1.39303869 -0.00672573
1.39648681 -0.00213118
1.39993492 -0.00670735
1.40338304 -0.00211289
1.40683115 -0.00668428
1.41027927 -0.00209749
1.41372738 -0.00668668
1.41717550 -0.00210030
1.42062361 -0.00669559
1.42407173 -0.00210351
1.42751985 -0.00669516
1.43096796 -0.00208826
1.43441608 -0.00668172
1.43786419 -0.00206510
1.44131231 -0.00665745
1.44476042 -0.00205099
1.44820854 -0.00663916
1.45165665 -0.00204384
1.45510477 -0.00662749
1.45855289 -0.00203468
1.46200100 -0.00661498
1.46544912 -0.00202286
1.46889723 -0.00659705
1.47234535 -0.00200702
1.47579346 -0.00657939
1.47924158 -0.00199061
1.48268969 -0.00656188
1.48613781 -0.00197680
1.48958593 -0.00654825
1.49303404 -0.00196391
1.49648216 -0.00653584
1.49993027 -0.00195138
1.50337839 -0.00652272
1.50682650 -0.00193792
1.51027462 -0.00650841
1.51372273 -0.00192584
1.51717085 -0.00649344
1.52061897 -0.00191318
1.52406708 -0.00648064
1.52751520 -0.00190053
1.53096331 -0.00646873
1.53441143 -0.00188864
1.53785954 -0.00645714
1.54130766 -0.00187791
1.54475577 -0.00644507
1.54820389 -0.00186670
1.55165201 -0.00643425
1.55510012 -0.00185709
1.55854824 -0.00642445
1.56199635 -0.00184894
1.56544447 -0.00641651
1.56889258 -0.00184321
1.57234070 -0.00640910
1.57578881 -0.00183657
1.57923693 -0.00640067
1.58268505 -0.00182875
1.58613316 -0.00639141
1.58958128 -0.00181966
1.59302939 -0.00638141
1.59647751 -0.00181181
1.59992562 -0.00637151
1.60337374 -0.00180384
1.60682185 -0.00636287
1.61026997 -0.00179558
1.61371809 -0.00635403
1.61716620 -0.00178807
1.62061432 -0.00634455
1.62406243 -0.00178002
1.62751055 -0.00633461
1.63095866 -0.00177143
1.63440678 -0.00632404
1.63785490 -0.00176165
1.64130301 -0.00631254
1.64475113 -0.00175184
1.64819924 -0.00629971
1.65164736 -0.00174076
1.65509547 -0.00628777
1.65854359 -0.00173050
1.66199170 -0.00627798
1.66543982 -0.00172330
1.66888794 -0.00627066
1.67233605 -0.00171835
1.67578417 -0.00626310
1.67923228 -0.00171190
1.68268040 -0.00625434
1.68612851 -0.00170297
1.68957663 -0.00624402
1.69302474 -0.00169483
1.69647286 -0.00623587
1.69992098 -0.00169051
1.70336909 -0.00623047
1.70681721 -0.00168802
1.71026532 -0.00622609
1.71371344 -0.00168457
1.71716155 -0.00621920
1.72060967 -0.00167734
1.72405778 -0.00620901
1.72750590 -0.00166840
1.73095402 -0.00619705
1.73440213 -0.00165908
1.73785025 -0.00618710
1.74129836 -0.00165001
1.74474648 -0.00617874
1.74819459 -0.00164233
1.75164271 -0.00616826
1.75509082 -0.00163485
1.75853894 -0.00616081
1.76198706 -0.00162957
1.76543517 -0.00615460
1.76888329 -0.00162749
1.77233140 -0.00615322
1.77577952 -0.00162759
1.77922763 -0.00615058
1.78267575 -0.00162651
1.78612386 -0.00614482
1.78957198 -0.00162039
1.79302010 -0.00613612
1.79646821 -0.00160951
1.79991633 -0.00612262
1.80336444 -0.00159716
1.80681256 -0.00610856
1.81026067 -0.00158404
1.81370879 -0.00609456
1.81715690 -0.00157370
1.82060502 -0.00608333
1.82405314 -0.00156405
1.82750125 -0.00607357
1.83094937 -0.00155598
1.83439748 -0.00606291
1.83784560 -0.00154775
1.84129371 -0.00605318
1.84474183 -0.00154040
1.84818994 -0.00604690
1.85163806 -0.00153739
1.85508618 -0.00604402
1.85853429 -0.00153745
1.86198241 -0.00604304
1.86543052 -0.00153789
1.86887864 -0.00604050
1.87232675 -0.00153536
1.87577487 -0.00603621
1.87922298 -0.00153203
1.88267110 -0.00603018
1.88611922 -0.00152733
1.88956733 -0.00602414
1.89301545 -0.00152164
1.89646356 -0.00601710
1.89991168 -0.00151599
1.90335979 -0.00601018
1.90680791 -0.00151102
1.91025603 -0.00600395
1.91370414 -0.00150698
1.91715226 -0.00599868
1.92060037 -0.00150274
1.92404849 -0.00599333
1.92749660 -0.00149818
1.93094472 -0.00598656
1.93439283 -0.00149339
1.93784095 -0.00597952
1.94128907 -0.00148807
1.94473718 -0.00597246
1.94818530 -0.00148204
1.95163341 -0.00596526
1.95508153 -0.00147607
1.95852964 -0.00595790
1.96197776 -0.00147078
1.96542587 -0.00595094
1.96887399 -0.00146611
1.97232211 -0.00594487
1.97577022 -0.00146097
1.97921834 -0.00593835
1.98266645 -0.00145576
1.98611457 -0.00593128
1.98956268 -0.00145059
1.99301080 -0.00592499
1.99645891 -0.00144575
1.99990703 -0.00591896
2.00335515 -0.00144118
2.00680326 -0.00591259
2.01025138 -0.00143629
2.01369949 -0.00590622
2.01714761 -0.00143149
2.02059572 -0.00590066
2.02404384 -0.00142823
2.02749195 -0.00589626
2.03094007 -0.00142565
2.03438819 -0.00589180
2.03783630 -0.00142238
2.04128442 -0.00588638
2.04473253 -0.00141709
2.04818065 -0.00587982
2.05162876 -0.00141107
2.05507688 -0.00587294
2.05852499 -0.00140617
2.06197311 -0.00586659
2.06542123 -0.00140183
2.06886934 -0.00586088
2.07231746 -0.00139812
2.07576557 -0.00585542
2.07921369 -0.00139458
2.08266180 -0.00585080
2.08610992 -0.00139211
2.08955803 -0.00584698
2.09300615 -0.00139060
2.09645427 -0.00584343
2.09990238 -0.00138791
2.10335050 -0.00583936
2.10679861 -0.00138305
2.11024673 -0.00583278
2.11369484 -0.00137706
2.11714296 -0.00582439
2.12059107 -0.00137147
2.12403919 -0.00581715
2.12748731 -0.00136815
2.13093542 -0.00581297
2.13438354 -0.00136689
2.13783165 -0.00581136
2.14127977 -0.00136699
2.14472788 -0.00580882
2.14817600 -0.00136649
2.15162411 -0.00580520
2.15507223 -0.00136322
2.15852035 -0.00580040
2.16196846 -0.00135849
2.16541658 -0.00579396
2.16886469 -0.00135327
2.17231281 -0.00578674
2.17576092 -0.00134851
2.17920904 -0.00577964
2.18265715 -0.00134489
2.18610527 -0.00577432
2.18955339 -0.00134183
2.19300150 -0.00577014
2.19644962 -0.00133986
2.19989773 -0.00576595
2.20334585 -0.00133744
2.20679396 -0.00576128
2.21024208 -0.00133376
2.21369020 -0.00575599
2.21713831 -0.00132952
2.22058643 -0.00575056
2.22403454 -0.00132520
2.22748266 -0.00574494
2.23093077 -0.00132233
2.23437889 -0.00573980
2.23782700 -0.00131953
2.24127512 -0.00573531
2.24472324 -0.00131656
2.24817135 -0.00573076
2.25161947 -0.00131326
2.25506758 -0.00572565
2.25851570 -0.00130909
2.26196381 -0.00572004
2.26541193 -0.00130461
2.26886004 -0.00571389
2.27230816 -0.00129955
2.27575628 -0.00570791
2.27920439 -0.00129507
2.28265251 -0.00570207
2.28610062 -0.00129148
2.28954874 -0.00569733
2.29299685 -0.00128904
2.29644497 -0.00569411
2.29989308 -0.00128748
2.30334120 -0.00569133
2.30678932 -0.00128592
2.31023743 -0.00568834
2.31368555 -0.00128402
2.31713366 -0.00568430
2.32058178 -0.00128140
2.32402989 -0.00568029
2.32747801 -0.00127825
2.33092612 -0.00567608
2.33437424 -0.00127535
2.33782236 -0.00567120
2.34127047 -0.00127238
2.34471859 -0.00566686
2.34816670 -0.00126973
2.35161482 -0.00566308
2.35506293 -0.00126785
2.35851105 -0.00565960
2.36195916 -0.00126602
2.36540728 -0.00565575
2.36885540 -0.00126347
2.37230351 -0.00565112
2.37575163 -0.00125979
2.37919974 -0.00564585
2.38264786 -0.00125583
2.38609597 -0.00564016
2.38954409 -0.00125231
2.39299220 -0.00563500
2.39644032 -0.00124945
2.39988844 -0.00563069
2.40333655 -0.00124676
2.40678467 -0.00562661
2.41023278 -0.00124419
2.41368090 -0.00562224
2.41712901 -0.00124110
2.42057713 -0.00561752
2.42402524 -0.00123797
2.42747336 -0.00561280
2.43092148 -0.00123516
2.43436959 -0.00560831
2.43781771 -0.00123304
2.44126582 -0.00560428
2.44471394 -0.00123151
2.44816205 -0.00560076
2.45161017 -0.00122980
2.45505828 -0.00559753
2.45850640 -0.00122755
2.46195452 -0.00559358
2.46540263 -0.00122537
2.46885075 -0.00558950
2.47229886 -0.00122326
2.47574698 -0.00558541
2.47919509 -0.00122109
2.48264321 -0.00558144
2.48609132 -0.00121901
2.48953944 -0.00557717
2.49298756 -0.00121685
2.49643567 -0.00557305
2.49988379 -0.00121483
2.50333190 -0.00556937
2.50678002 -0.00121276
2.51022813 -0.00556568
2.51367625 -0.00121039
2.51712437 -0.00556125
2.52057248 -0.00120801
2.52402060 -0.00555620
2.52746871 -0.00120522
2.53091683 -0.00555169
2.53436494 -0.00120246
2.53781306 -0.00554774
2.54126117 -0.00120022
2.54470929 -0.00554315
2.54815741 -0.00119760
2.55160552 -0.00553781
2.55505364 -0.00119436
2.55850175 -0.00553257
2.56194987 -0.00119112
2.56539798 -0.00552823
2.56884610 -0.00118933
2.57229421 -0.00552479
2.57574233 -0.00118883
2.57919045 -0.00552176
2.58263856 -0.00118768
2.58608668 -0.00551903
2.58953479 -0.00118589
2.59298291 -0.00551540
2.59643102 -0.00118443
2.59987914 -0.00551145
2.60332725 -0.00118312
2.60677537 -0.00550748
2.61022349 -0.00118151
2.61367160 -0.00550328
2.61711972 -0.00117915
2.62056783 -0.00549904
2.62401595 -0.00117684
2.62746406 -0.00549463
2.63091218 -0.00117488
2.63436029 -0.00549087
2.63780841 -0.00117251
2.64125653 -0.00548626
2.64470464 -0.00116965
2.64815276 -0.00548084
2.65160087 -0.00116605
2.65504899 -0.00547514
2.65849710 -0.00116257
2.66194522 -0.00546980
2.66539333 -0.00115961
2.66884145 -0.00546518
2.67228957 -0.00115722
2.67573768 -0.00546127
2.67918580 -0.00115575
2.68263391 -0.00545849
2.68608203 -0.00115522
2.68953014 -0.00545621
2.69297826 -0.00115513
2.69642637 -0.00545378
2.69987449 -0.00115461
2.70332261 -0.00545051
2.70677072 -0.00115298
2.71021884 -0.00544720
2.71366695 -0.00115095
2.71711507 -0.00544314
2.72056318 -0.00114954
2.72401130 -0.00543904
2.72745941 -0.00114746
2.73090753 -0.00543482
2.73435565 -0.00114492
2.73780376 -0.00543042
2.74125188 -0.00114215
2.74469999 -0.00542600
2.74814811 -0.00114010
2.75159622 -0.00542165
2.75504434 -0.00113848
2.75849245 -0.00541777
2.76194057 -0.00113634
2.76538869 -0.00541402
2.76883680 -0.00113445
2.77228492 -0.00540972
2.77573303 -0.00113240
2.77918115 -0.00540585
2.78262926 -0.00113046
2.78607738 -0.00540224
2.78952549 -0.00112874
2.79297361 -0.00539850
2.79642173 -0.00112725
2.79986984 -0.00539444
2.80331796 -0.00112534
2.80676607 -0.00538985
2.81021419 -0.00112286
2.81366230 -0.00538509
2.81711042 -0.00112000
2.82055854 -0.00538019
2.82400665 -0.00111697
2.82745477 -0.00537582
2.83090288 -0.00111468
2.83435100 -0.00537186
2.83779911 -0.00111317
2.84124723 -0.00536871
2.84469534 -0.00111233
2.84814346 -0.00536552
2.85159158 -0.00111153
2.85503969 -0.00536212
2.85848781 -0.00111030
2.86193592 -0.00535828
2.86538404 -0.00110900
2.86883215 -0.00535437
2.87228027 -0.00110705
2.87572838 -0.00535050
2.87917650 -0.00110506
2.88262462 -0.00534605
2.88607273 -0.00110248
2.88952085 -0.00534168
2.89296896 -0.00110012
2.89641708 -0.00533717
2.89986519 -0.00109855
2.90331331 -0.00533345
2.90676142 -0.00109745
2.91020954 -0.00533011
2.91365766 -0.00109648
2.91710577 -0.00532664
2.92055389 -0.00109508
2.92400200 -0.00532283
2.92745012 -0.00109349
2.93089823 -0.00531880
2.93434635 -0.00109209
2.93779446 -0.00531567
2.94124258 -0.00109119
2.94469070 -0.00531260
2.94813881 -0.00109056
2.95158693 -0.00530920
2.95503504 -0.00108932
2.95848316 -0.00530491
2.96193127 -0.00108706
2.96537939 -0.00530011
2.96882750 -0.00108457
2.97227562 -0.00529536
2.97572374 -0.00108234
2.97917185 -0.00529071
2.98261997 -0.00108051
2.98606808 -0.00528641
2.98951620 -0.00107837
2.99296431 -0.00528211
2.99641243 -0.00107646
2.99986054 -0.00527797
3.00330866 -0.00107461
3.00675678 -0.00527403
3.01020489 -0.00107328
3.01365301 -0.00526987
3.01710112 -0.00107143
3.02054924 -0.00526521
3.02399735 -0.00106920
3.02744547 -0.00526038
3.03089358 -0.00106737
3.03434170 -0.00525602
3.03778982 -0.00106600
3.04123793 -0.00525250
3.04468605 -0.00106495
3.04813416 -0.00524881
3.05158228 -0.00106307
3.05503039 -0.00524424
3.05847851 -0.00106095
3.06192662 -0.00523965
3.06537474 -0.00105904
3.06882286 -0.00523549
3.07227097 -0.00105782
3.07571909 -0.00523231
3.07916720 -0.00105713
3.08261532 -0.00522928
3.08606343 -0.00105688
3.08951155 -0.00522597
3.09295967 -0.00105639
3.09640778 -0.00522264
3.09985590 -0.00105470
3.10330401 -0.00521836
3.10675213 -0.00105234
3.11020024 -0.00521314
3.11364836 -0.00104970
3.11709647 -0.00520802
3.12054459 -0.00104823
3.12399271 -0.00520450
3.12744082 -0.00104722
3.13088894 -0.00520205
3.13433705 -0.00104713
3.13778517 -0.00519901
3.14123328 -0.00104672
3.14468140 -0.00519503
3.14812951 -0.00104514
3.15157763 -0.00519096
3.15502575 -0.00104280
3.15847386 -0.00518635
3.16192198 -0.00104027
3.16537009 -0.00518131
3.16881821 -0.00103834
3.17226632 -0.00517625
3.17571444 -0.00103641
3.17916255 -0.00517232
3.18261067 -0.00103512
3.18605879 -0.00516914
3.18950690 -0.00103473
3.19295502 -0.00516639
3.19640313 -0.00103491
3.19985125 -0.00516357
3.20329936 -0.00103462
3.20674748 -0.00516032
3.21019559 -0.00103296
3.21364371 -0.00515629
3.21709183 -0.00103103
3.22053994 -0.00515153
3.22398806 -0.00102979
3.22743617 -0.00514729
3.23088429 -0.00102873
3.23433240 -0.00514372
3.23778052 -0.00102697
3.24122863 -0.00513940
3.24467675 -0.00102454
3.24812487 -0.00513413
3.25157298 -0.00102218
3.25502110 -0.00512933
3.25846921 -0.00102090
3.26191733 -0.00512661
3.26536544 -0.00102090
3.26881356 -0.00512446
3.27226167 -0.00102173
3.27570979 -0.00512140
3.27915791 -0.00102142
3.28260602 -0.00511721
3.28605414 -0.00101901
3.28950225 -0.00511220
3.29295037 -0.00101626
3.29639848 -0.00510679
3.29984660 -0.00101370
3.30329471 -0.00510181
3.30674283 -0.00101177
3.31019095 -0.00509753
3.31363906 -0.00100969
3.31708718 -0.00509305
3.32053529 -0.00100777
3.32398341 -0.00508810
3.32743152 -0.00100584
3.33087964 -0.00508294
3.33432775 -0.00100392
3.33777587 -0.00507844
3.34122399 -0.00100233
3.34467210 -0.00507408
3.34812022 -0.00100172
3.35156833 -0.00507073
3.35501645 -0.00100139
3.35846456 -0.00506791
3.36191268 -0.00100050
3.36536079 -0.00506449
3.36880891 -0.00099854
3.37225703 -0.00505920
3.37570514 -0.00099540
3.37915326 -0.00505311
3.38260137 -0.00099294
3.38604949 -0.00504797
3.38949760 -0.00099131
3.39294572 -0.00504410
3.39639384 -0.00099083
3.39984195 -0.00504073
3.40329007 -0.00099027
3.40673818 -0.00503738
3.41018630 -0.00098949
3.41363441 -0.00503385
3.41708253 -0.00098857
3.42053064 -0.00503022
3.42397876 -0.00098735
3.42742688 -0.00502641
3.43087499 -0.00098598
3.43432311 -0.00502201
3.43777122 -0.00098469
3.44121934 -0.00501762
3.44466745 -0.00098329
3.44811557 -0.00501374
3.45156368 -0.00098229
3.45501180 -0.00500984
3.45845992 -0.00098171
3.46190803 -0.00500583
3.46535615 -0.00098099
3.46880426 -0.00500148
3.47225238 -0.00097964
3.47570049 -0.00499743
3.47914861 -0.00097807
3.48259672 -0.00499335
3.48604484 -0.00097738
3.48949296 -0.00498942
3.49294107 -0.00097721
3.49638919 -0.00498609
3.49983730 -0.00097665
3.50328542 -0.00498220
3.50673353 -0.00097564
3.51018165 -0.00497742
3.51362976 -0.00097377
3.51707788 -0.00497210
3.52052600 -0.00097223
3.52397411 -0.00496752
3.52742223 -0.00097081
3.53087034 -0.00496311
3.53431846 -0.00096940
3.53776657 -0.00495827
3.54121469 -0.00096729
3.54466280 -0.00495224
3.54811092 -0.00096412
3.55155904 -0.00494637
3.55500715 -0.00096098
3.55845527 -0.00494097
3.56190338 -0.00095898
3.56535150 -0.00493671
3.56879961 -0.00095835
3.57224773 -0.00493322
3.57569584 -0.00095842
3.57914396 -0.00493026
3.58259208 -0.00095842
3.58604019 -0.00492716
3.58948831 -0.00095788
3.59293642 -0.00492311
3.59638454 -0.00095680
3.59983265 -0.00491844
3.60328077 -0.00095448
3.60672888 -0.00491341
3.61017700 -0.00095212
3.61362512 -0.00490865
3.61707323 -0.00095030
3.62052135 -0.00490459
3.62396946 -0.00094946
3.62741758 -0.00490100
3.63086569 -0.00094881
3.63431381 -0.00489698
3.63776192 -0.00094731
3.64121004 -0.00489195
3.64465816 -0.00094549
3.64810627 -0.00488668
3.65155439 -0.00094374
3.65500250 -0.00488194
3.65845062 -0.00094280
3.66189873 -0.00487799
3.66534685 -0.00094159
3.66879496 -0.00487433
3.67224308 -0.00094054
3.67569120 -0.00487035
3.67913931 -0.00093988
3.68258743 -0.00486674
3.68603554 -0.00093930
3.68948366 -0.00486308
3.69293177 -0.00093905
3.69637989 -0.00485903
3.69982801 -0.00093801
3.70327612 -0.00485432
3.70672424 -0.00093669
3.71017235 -0.00484856
3.71362047 -0.00093421
3.71706858 -0.00484284
3.72051670 -0.00093180
3.72396481 -0.00483715
3.72741293 -0.00093022
3.73086105 -0.00483296
3.73430916 -0.00092945
3.73775728 -0.00482977
3.74120539 -0.00092946
3.74465351 -0.00482597
3.74810162 -0.00092882
3.75154974 -0.00482142
3.75499785 -0.00092740
3.75844597 -0.00481627
3.76189409 -0.00092575
3.76534220 -0.00481147
3.76879032 -0.00092481
3.77223843 -0.00480727
3.77568655 -0.00092426
3.77913466 -0.00480289
3.78258278 -0.00092326
3.78603089 -0.00479836
3.78947901 -0.00092149
3.79292713 -0.00479297
3.79637524 -0.00091891
3.79982336 -0.00478691
3.80327147 -0.00091583
3.80671959 -0.00478006
3.81016770 -0.00091288
3.81361582 -0.00477385
3.81706393 -0.00091067
3.82051205 -0.00476963
3.82396017 -0.00090974
3.82740828 -0.00476583
3.83085640 -0.00090980
3.83430451 -0.00476207
3.83775263 -0.00090911
3.84120074 -0.00475763
3.84464886 -0.00090729
3.84809697 -0.00475270
3.85154509 -0.00090495
3.85499321 -0.00474674
3.85844132 -0.00090284
3.86188944 -0.00474081
3.86533755 -0.00090079
3.86878567 -0.00473593
3.87223378 -0.00089941
3.87568190 -0.00473126
3.87913001 -0.00089849
3.88257813 -0.00472747
3.88602625 -0.00089803
3.88947436 -0.00472400
3.89292248 -0.00089787
3.89637059 -0.00472040
3.89981871 -0.00089739
3.90326682 -0.00471611
3.90671494 -0.00089595
3.91016305 -0.00471056
3.91361117 -0.00089409
3.91705929 -0.00470505
3.92050740 -0.00089228
3.92395552 -0.00469947
3.92740363 -0.00089099
3.93085175 -0.00469474
3.93429986 -0.00089011
3.93774798 -0.00469090
3.94119609 -0.00088986
3.94464421 -0.00468715
3.94809233 -0.00089009
3.95154044 -0.00468312
3.95498856 -0.00088910
3.95843667 -0.00467812
3.96188479 -0.00088762
3.96533290 -0.00467235
3.96878102 -0.00088571
3.97222914 -0.00466704
3.97567725 -0.00088433
3.97912537 -0.00466188
3.98257348 -0.00088342
3.98602160 -0.00465721
3.98946971 -0.00088231
3.99291783 -0.00465210
3.99636594 -0.00088125
3.99981406 -0.00464646
4.00326218 -0.00087951
4.00671029 -0.00464082
4.01015841 -0.00087782
4.01360652 -0.00463530
4.01705464 -0.00087641
4.02050275 -0.00463036
4.02395087 -0.00087560
4.02739898 -0.00462552
4.03084710 -0.00087460
4.03429522 -0.00462043
4.03774333 -0.00087344
4.04119145 -0.00461526
4.04463956 -0.00087261
4.04808768 -0.00461053
4.05153579 -0.00087248
4.05498391 -0.00460646
4.05843202 -0.00087232
4.06188014 -0.00460183
4.06532826 -0.00087140
4.06877637 -0.00459645
4.07222449 -0.00086989
4.07567260 -0.00459054
4.07912072 -0.00086774
4.08256883 -0.00458461
4.08601695 -0.00086595
4.08946506 -0.00457860
4.09291318 -0.00086399
4.09636130 -0.00457303
4.09980941 -0.00086286
4.10325753 -0.00456807
4.10670564 -0.00086185
4.11015376 -0.00456294
4.11360187 -0.00086077
4.11704999 -0.00455693
4.12049810 -0.00085893
4.12394622 -0.00455066
4.12739434 -0.00085691
4.13084245 -0.00454500
4.13429057 -0.00085574
4.13773868 -0.00454006
4.14118680 -0.00085509
4.14463491 -0.00453537
4.14808303 -0.00085447
4.15153114 -0.00453003
4.15497926 -0.00085314
4.15842738 -0.00452390
4.16187549 -0.00085062
4.16532361 -0.00451651
4.16877172 -0.00084784
4.17221984 -0.00450993
4.17566795 -0.00084600
4.17911607 -0.00450427
4.18256418 -0.00084577
4.18601230 -0.00449993
4.18946042 -0.00084576
4.19290853 -0.00449567
4.19635665 -0.00084521
4.19980476 -0.00449032
4.20325288 -0.00084447
4.20670099 -0.00448458
4.21014911 -0.00084306
4.21359722 -0.00447859
4.21704534 -0.00084193
4.22049346 -0.00447352
4.22394157 -0.00084116
4.22738969 -0.00446912
4.23083780 -0.00084148
4.23428592 -0.00446444
4.23773403 -0.00084090
4.24118215 -0.00445865
4.24463026 -0.00083874
4.24807838 -0.00445177
4.25152650 -0.00083600
4.25497461 -0.00444476
4.25842273 -0.00083397
4.26187084 -0.00443845
4.26531896 -0.00083322
4.26876707 -0.00443317
4.27221519 -0.00083252
4.27566331 -0.00442788
4.27911142 -0.00083155
4.28255954 -0.00442209
4.28600765 -0.00083002
4.28945577 -0.00441543
4.29290388 -0.00082816
4.29635200 -0.00440894
4.29980011 -0.00082628
4.30324823 -0.00440293
4.30669635 -0.00082489
4.31014446 -0.00439688
4.31359258 -0.00082384
4.31704069 -0.00439148
4.32048881 -0.00082287
4.32393692 -0.00438531
4.32738504 -0.00082145
4.33083315 -0.00437896
4.33428127 -0.00081905
4.33772939 -0.00437163
4.34117750 -0.00081644
4.34462562 -0.00436426
4.34807373 -0.00081419
4.35152185 -0.00435739
4.35496996 -0.00081228
4.35841808 -0.00435102
4.36186619 -0.00081097
4.36531431 -0.00434556
4.36876243 -0.00080986
4.37221054 -0.00434051
4.37565866 -0.00081014
4.37910677 -0.00433607
4.38255489 -0.00081034
4.38600300 -0.00433160
4.38945112 -0.00080983
4.39289923 -0.00432612
4.39634735 -0.00080858
4.39979547 -0.00431956
4.40324358 -0.00080634
4.40669170 -0.00431277
4.41013981 -0.00080444
4.41358793 -0.00430651
4.41703604 -0.00080291
4.42048416 -0.00430100
4.42393227 -0.00080255
4.42738039 -0.00429584
4.43082851 -0.00080274
4.43427662 -0.00429106
4.43772474 -0.00080270
4.44117285 -0.00428624
4.44462097 -0.00080229
4.44806908 -0.00428122
4.45151720 -0.00080190
4.45496531 -0.00427585
4.45841343 -0.00080127
4.46186155 -0.00427030
4.46530966 -0.00079980
4.46875778 -0.00426399
4.47220589 -0.00079817
4.47565401 -0.00425687
4.47910212 -0.00079601
4.48255024 -0.00425002
4.48599835 -0.00079413
4.48944647 -0.00424333
4.49289459 -0.00079230
4.49634270 -0.00423685
4.49979082 -0.00079061
4.50323893 -0.00422997
4.50668705 -0.00078875
4.51013516 -0.00422295
4.51358328 -0.00078633
4.51703139 -0.00421591
4.52047951 -0.00078398
4.52392763 -0.00420877
4.52737574 -0.00078197
4.53082386 -0.00420241
4.53427197 -0.00078040
4.53772009 -0.00419602
4.54116820 -0.00077893
4.54461632 -0.00418950
4.54806443 -0.00077759
4.55151255 -0.00418345
4.55496067 -0.00077676
4.55840878 -0.00417814
4.56185690 -0.00077747
4.56530501 -0.00417446
4.56875313 -0.00077822
4.57220124 -0.00417064
4.57564936 -0.00077907
4.57909748 -0.00416566
4.58254559 -0.00077804
4.58599371 -0.00415935
4.58944182 -0.00077581
4.59288994 -0.00415115
4.59633805 -0.00077233
4.59978617 -0.00414286
4.60323428 -0.00076917
4.60668240 -0.00413501
4.61013052 -0.00076749
4.61357863 -0.00412846
4.61702675 -0.00076575
4.62047486 -0.00412218
4.62392298 -0.00076365
4.62737109 -0.00411463
4.63081921 -0.00076072
4.63426732 -0.00410675
4.63771544 -0.00075791
4.64116356 -0.00409917
4.64461167 -0.00075623
4.64805979 -0.00409282
4.65150790 -0.00075492
4.65495602 -0.00408714
4.65840413 -0.00075428
4.66185225 -0.00408136
4.66530036 -0.00075328
4.66874848 -0.00407466
4.67219660 -0.00075156
4.67564471 -0.00406746
4.67909283 -0.00074917
4.68254094 -0.00406007
4.68598906 -0.00074686
4.68943717 -0.00405313
4.69288529 -0.00074557
4.69633340 -0.00404619
4.69978152 -0.00074493
4.70322964 -0.00404013
4.70667775 -0.00074404
4.71012587 -0.00403420
4.71357398 -0.00074322
4.71702210 -0.00402782
4.72047021 -0.00074217
4.72391833 -0.00402057
4.72736644 -0.00074050
4.73081456 -0.00401310
4.73426268 -0.00073844
4.73771079 -0.00400588
4.74115891 -0.00073616
4.74460702 -0.00399857
4.74805514 -0.00073451
4.75150325 -0.00399083
4.75495137 -0.00073242
4.75839948 -0.00398302
4.76184760 -0.00073036
4.76529572 -0.00397577
4.76874383 -0.00072907
4.77219195 -0.00396936
4.77564006 -0.00072908
4.77908818 -0.00396365
4.78253629 -0.00072927
4.78598441 -0.00395755
4.78943252 -0.00072825
4.79288064 -0.00395026
4.79632876 -0.00072552
4.79977687 -0.00394161
4.80322499 -0.00072182
4.80667310 -0.00393257
4.81012122 -0.00071878
4.81356933 -0.00392430
4.81701745 -0.00071702
4.82046556 -0.00391755
4.82391368 -0.00071682
4.82736180 -0.00391170
4.83080991 -0.00071729
4.83425803 -0.00390612
4.83770614 -0.00071731
4.84115426 -0.00389972
4.84460237 -0.00071615
4.84805049 -0.00389242
4.85149861 -0.00071407
4.85494672 -0.00388386
4.85839484 -0.00071177
4.86184295 -0.00387563
4.86529107 -0.00070978
4.86873918 -0.00386809
4.87218730 -0.00070826
4.87563541 -0.00386112
4.87908353 -0.00070733
4.88253165 -0.00385394
4.88597976 -0.00070624
4.88942788 -0.00384614
4.89287599 -0.00070415
4.89632411 -0.00383818
4.89977222 -0.00070148
4.90322034 -0.00382944
4.90666845 -0.00069964
4.91011657 -0.00382152
4.91356469 -0.00069839
4.91701280 -0.00381460
4.92046092 -0.00069731
4.92390903 -0.00380778
4.92735715 -0.00069606
4.93080526 -0.00380055
4.93425338 -0.00069543
4.93770149 -0.00379387
4.94114961 -0.00069581
4.94459773 -0.00378823
4.94804584 -0.00069631
4.95149396 -0.00378225
4.95494207 -0.00069593
4.95839019 -0.00377461
4.96183830 -0.00069373
4.96528642 -0.00376593
4.96873453 -0.00069062
4.97218265 -0.00375696
4.97563077 -0.00068775
4.97907888 -0.00374808
4.98252700 -0.00068524
4.98597511 -0.00373949
4.98942323 -0.00068287
4.99287134 -0.00373099
4.99631946 -0.00068101
4.99976757 -0.00372292
5.00321569 -0.00068032
5.00666381 -0.00371492
5.01011192 -0.00067960
5.01356004 -0.00370747
5.01700815 -0.00067811
5.02045627 -0.00369943
5.02390438 -0.00067643
5.02735250 -0.00369136
5.03080061 -0.00067513
5.03424873 -0.00368394
5.03769685 -0.00067462
5.04114496 -0.00367656
5.04459308 -0.00067359
5.04804119 -0.00366932
5.05148931 -0.00067229
5.05493742 -0.00366064
5.05838554 -0.00067043
5.06183365 -0.00365152
5.06528177 -0.00066792
5.06872989 -0.00364212
5.07217800 -0.00066543
5.07562612 -0.00363286
5.07907423 -0.00066269
5.08252235 -0.00362413
5.08597046 -0.00066036
5.08941858 -0.00361484
5.09286669 -0.00065808
5.09631481 -0.00360596
5.09976293 -0.00065628
5.10321104 -0.00359794
5.10665916 -0.00065494
5.11010727 -0.00359104
5.11355539 -0.00065429
5.11700350 -0.00358367
5.12045162 -0.00065363
5.12389973 -0.00357580
5.12734785 -0.00065305
5.13079597 -0.00356803
5.13424408 -0.00065213
5.13769220 -0.00356065
5.14114031 -0.00065107
5.14458843 -0.00355235
5.14803654 -0.00064949
5.15148466 -0.00354301
5.15493278 -0.00064722
5.15838089 -0.00353426
5.16182901 -0.00064518
5.16527712 -0.00352594
5.16872524 -0.00064386
5.17217335 -0.00351751
5.17562147 -0.00064223
5.17906958 -0.00350787
5.18251770 -0.00063984
5.18596582 -0.00349776
5.18941393 -0.00063700
5.19286205 -0.00348789
5.19631016 -0.00063477
5.19975828 -0.00347858
5.20320639 -0.00063329
5.20665451 -0.00346999
5.21010262 -0.00063180
5.21355074 -0.00346177
5.21699886 -0.00063076
5.22044697 -0.00345333
5.22389509 -0.00062949
5.22734320 -0.00344466
5.23079132 -0.00062793
5.23423943 -0.00343575
5.23768755 -0.00062670
5.24113566 -0.00342693
5.24458378 -0.00062512
5.24803190 -0.00341793
5.25148001 -0.00062350
5.25492813 -0.00340811
5.25837624 -0.00062075
5.26182436 -0.00339812
5.26527247 -0.00061766
5.26872059 -0.00338819
5.27216870 -0.00061592
5.27561682 -0.00337931
5.27906494 -0.00061516
5.28251305 -0.00337139
5.28596117 -0.00061487
5.28940928 -0.00336322
5.29285740 -0.00061352
5.29630551 -0.00335403
5.29975363 -0.00061105
5.30320174 -0.00334373
5.30664986 -0.00060885
5.31009798 -0.00333401
5.31354609 -0.00060701
5.31699421 -0.00332565
5.32044232 -0.00060609
5.32389044 -0.00331751
5.32733855 -0.00060528
5.33078667 -0.00330894
5.33423478 -0.00060410
5.33768290 -0.00329987
5.34113102 -0.00060277
5.34457913 -0.00329092
5.34802725 -0.00060062
5.35147536 -0.00328158
5.35492348 -0.00059848
5.35837159 -0.00327103
5.36181971 -0.00059572
5.36526782 -0.00326042
5.36871594 -0.00059240
5.37216406 -0.00324972
5.37561217 -0.00058929
5.37906029 -0.00323939
5.38250840 -0.00058664
5.38595652 -0.00322954
5.38940463 -0.00058528
5.39285275 -0.00322042
5.39630086 -0.00058408
5.39974898 -0.00321213
5.40319710 -0.00058296
5.40664521 -0.00320286
5.41009333 -0.00058168
5.41354144 -0.00319314
5.41698956 -0.00057977
5.42043767 -0.00318322
5.42388579 -0.00057800
5.42733390 -0.00317340
5.43078202 -0.00057602
5.43423014 -0.00316351
5.43767825 -0.00057427
5.44112637 -0.00315352
5.44457448 -0.00057226
5.44802260 -0.00314403
5.45147071 -0.00057053
5.45491883 -0.00313412
5.45836695 -0.00056919
5.46181506 -0.00312420
5.46526318 -0.00056740
5.46871129 -0.00311405
5.47215941 -0.00056546
5.47560752 -0.00310421
5.47905564 -0.00056385
5.48250375 -0.00309470
5.48595187 -0.00056288
5.48939999 -0.00308527
5.49284810 -0.00056161
5.49629622 -0.00307575
5.49974433 -0.00055982
5.50319245 -0.00306528
5.50664056 -0.00055772
5.51008868 -0.00305473
5.51353679 -0.00055558
5.51698491 -0.00304439
5.52043303 -0.00055373
5.52388114 -0.00303452
5.52732926 -0.00055185
5.53077737 -0.00302415
5.53422549 -0.00054952
5.53767360 -0.00301315
5.54112172 -0.00054676
5.54456983 -0.00300170
5.54801795 -0.00054403
5.55146607 -0.00299065
5.55491418 -0.00054163
5.55836230 -0.00298019
5.56181041 -0.00053958
5.56525853 -0.00296944
5.56870664 -0.00053757
5.57215476 -0.00295869
5.57560287 -0.00053533
5.57905099 -0.00294805
5.58249911 -0.00053324
5.58594722 -0.00293732
5.58939534 -0.00053117
5.59284345 -0.00292640
5.59629157 -0.00052877
5.59973968 -0.00291591
5.60318780 -0.00052698
5.60663591 -0.00290609
5.61008403 -0.00052624
5.61353215 -0.00289669
5.61698026 -0.00052623
5.62042838 -0.00288654
5.62387649 -0.00052465
5.62732461 -0.00287568
5.63077272 -0.00052137
5.63422084 -0.00286359
5.63766895 -0.00051792
5.64111707 -0.00285115
5.64456519 -0.00051457
5.64801330 -0.00283932
5.65146142 -0.00051137
5.65490953 -0.00282779
5.65835765 -0.00050892
5.66180576 -0.00281694
5.66525388 -0.00050797
5.66870199 -0.00280722
5.67215011 -0.00050851
5.67559823 -0.00279846
5.67904634 -0.00050857
5.68249446 -0.00278948
5.68594257 -0.00050739
5.68939069 -0.00277860
5.69283880 -0.00050533
5.69628692 -0.00276665
5.69973503 -0.00050259
5.70318315 -0.00275464
5.70663127 -0.00049961
5.71007938 -0.00274252
5.71352750 -0.00049636
5.71697561 -0.00273051
5.72042373 -0.00049349
5.72387184 -0.00271844
5.72731996 -0.00049140
5.73076808 -0.00270660
5.73421619 -0.00048893
5.73766431 -0.00269491
5.74111242 -0.00048603
5.74456054 -0.00268221
5.74800865 -0.00048247
5.75145677 -0.00266917
5.75490488 -0.00047924
5.75835300 -0.00265659
5.76180112 -0.00047609
5.76524923 -0.00264471
5.76869735 -0.00047363
5.77214546 -0.00263316
5.77559358 -0.00047193
5.77904169 -0.00262136
5.78248981 -0.00047069
5.78593792 -0.00261040
5.78938604 -0.00046947
5.79283416 -0.00259977
5.79628227 -0.00046811
5.79973039 -0.00258890
5.80317850 -0.00046687
5.80662662 -0.00257707
5.81007473 -0.00046498
5.81352285 -0.00256526
5.81697096 -0.00046258
5.82041908 -0.00255346
5.82386720 -0.00046059
5.82731531 -0.00254162
5.83076343 -0.00045891
5.83421154 -0.00252989
5.83765966 -0.00045736
5.84110777 -0.00251814
5.84455589 -0.00045500
5.84800400 -0.00250609
5.85145212 -0.00045269
5.85490024 -0.00249315
5.85834835 -0.00045053
5.86179647 -0.00248048
5.86524458 -0.00044836
5.86869270 -0.00246863
5.87214081 -0.00044636
5.87558893 -0.00245691
5.87903704 -0.00044459
5.88248516 -0.00244508
5.88593328 -0.00044321
5.88938139 -0.00243341
5.89282951 -0.00044171
5.89627762 -0.00242186
5.89972574 -0.00043971
5.90317385 -0.00240919
5.90662197 -0.00043660
5.91007008 -0.00239520
5.91351820 -0.00043263
5.91696632 -0.00238066
5.92041443 -0.00042870
5.92386255 -0.00236683
5.92731066 -0.00042558
5.93075878 -0.00235377
5.93420689 -0.00042350
5.93765501 -0.00234118
5.94110312 -0.00042154
5.94455124 -0.00232849
5.94799936 -0.00041950
5.95144747 -0.00231552
5.95489559 -0.00041701
5.95834370 -0.00230247
5.96179182 -0.00041503
5.96523993 -0.00228986
5.96868805 -0.00041337
5.97213616 -0.00227753
5.97558428 -0.00041138
5.97903240 -0.00226467
5.98248051 -0.00040873
5.98592863 -0.00225050
5.98937674 -0.00040551
5.99282486 -0.00223618
5.99627297 -0.00040259
5.99972109 -0.00222298
6.00316920 -0.00040061
6.00661732 -0.00221073
6.01006544 -0.00039965
6.01351355 -0.00219812
6.01696167 -0.00039839
6.02040978 -0.00218507
6.02385790 -0.00039591
6.02730601 -0.00217167
6.03075413 -0.00039265
6.03420225 -0.00215774
6.03765036 -0.00039021
6.04109848 -0.00214390
6.04454659 -0.00038806
6.04799471 -0.00213080
6.05144282 -0.00038592
6.05489094 -0.00211811
6.05833905 -0.00038349
6.06178717 -0.00210475
6.06523529 -0.00038135
6.06868340 -0.00209057
6.07213152 -0.00037919
6.07557963 -0.00207680
6.07902775 -0.00037646
6.08247586 -0.00206314
6.08592398 -0.00037346
6.08937209 -0.00204859
6.09282021 -0.00037025
6.09626833 -0.00203351
6.09971644 -0.00036688
6.10316456 -0.00201886
6.10661267 -0.00036359
6.11006079 -0.00200487
6.11350890 -0.00036065
6.11695702 -0.00199087
6.12040513 -0.00035809
6.12385325 -0.00197604
6.12730137 -0.00035527
6.13074948 -0.00196100
6.13419760 -0.00035185
6.13764571 -0.00194642
6.14109383 -0.00034895
6.14454194 -0.00193223
6.14799006 -0.00034726
6.15143817 -0.00191902
6.15488629 -0.00034624
6.15833441 -0.00190592
6.16178252 -0.00034483
6.16523064 -0.00189307
6.16867875 -0.00034256
6.17212687 -0.00187904
6.17557498 -0.00034043
6.17902310 -0.00186412
6.18247121 -0.00033755
6.18591933 -0.00184946
6.18936745 -0.00033437
6.19281556 -0.00183467
6.19626368 -0.00033176
6.19971179 -0.00182019
6.20315991 -0.00032971
6.20660802 -0.00180562
6.21005614 -0.00032807
6.21350425 -0.00179144
6.21695237 -0.00032549
6.22040049 -0.00177735
6.22384860 -0.00032266
6.22729672 -0.00176211
6.23074483 -0.00031947
6.23419295 -0.00174575
6.23764106 -0.00031491
6.24108918 -0.00172886
6.24453729 -0.00031015
6.24798541 -0.00171221
6.25143353 -0.00030574
6.25488164 -0.00169612
6.25832976 -0.00030308
6.26177787 -0.00168072
6.26522599 -0.00030121
6.26867410 -0.00166642
6.27212222 -0.00029884
6.27557033 -0.00165209
6.27901845 -0.00029637
6.28246657 -0.00163659
6.28591468 -0.00029311
6.28936280 -0.00162033
6.29281091 -0.00028951
6.29625903 -0.00160421
6.29970714 -0.00028610
6.30315526 -0.00158877
6.30660337 -0.00028313
6.31005149 -0.00157324
6.31349961 -0.00028029
6.31694772 -0.00155740
6.32039584 -0.00027719
6.32384395 -0.00154147
6.32729207 -0.00027447
6.33074018 -0.00152617
6.33418830 -0.00027199
6.33763642 -0.00151148
6.34108453 -0.00026996
6.34453265 -0.00149664
6.34798076 -0.00026817
6.35142888 -0.00148154
6.35487699 -0.00026613
6.35832511 -0.00146621
6.36177322 -0.00026401
6.36522134 -0.00145069
6.36866946 -0.00026104
6.37211757 -0.00143468
6.37556569 -0.00025814
6.37901380 -0.00141834
6.38246192 -0.00025538
6.38591003 -0.00140225
6.38935815 -0.00025269
6.39280626 -0.00138661
6.39625438 -0.00025036
6.39970250 -0.00137093
6.40315061 -0.00024743
6.40659873 -0.00135435
6.41004684 -0.00024433
6.41349496 -0.00133650
6.41694307 -0.00024019
6.42039119 -0.00131871
6.42383930 -0.00023552
6.42728742 -0.00130111
6.43073554 -0.00023182
6.43418365 -0.00128395
6.43763177 -0.00022877
6.44107988 -0.00126707
6.44452800 -0.00022621
6.44797611 -0.00125045
6.45142423 -0.00022312
6.45487234 -0.00123419
6.45832046 -0.00021995
6.46176858 -0.00121718
6.46521669 -0.00021714
6.46866481 -0.00119972
6.47211292 -0.00021383
6.47556104 -0.00118203
6.47900915 -0.00021026
6.48245727 -0.00116454
6.48590538 -0.00020670
6.48935350 -0.00114753
6.49280162 -0.00020426
6.49624973 -0.00113070
6.49969785 -0.00020246
6.50314596 -0.00111447
6.50659408 -0.00020036
6.51004219 -0.00109791
6.51349031 -0.00019762
6.51693842 -0.00107994
6.52038654 -0.00019384
6.52383466 -0.00106072
6.52728277 -0.00018941
6.53073089 -0.00104126
6.53417900 -0.00018451
6.53762712 -0.00102261
6.54107523 -0.00018055
6.54452335 -0.00100491
6.54797146 -0.00017790
6.55141958 -0.00098822
6.55486770 -0.00017628
6.55831581 -0.00097195
6.56176393 -0.00017501
6.56521204 -0.00095557
6.56866016 -0.00017287
6.57210827 -0.00093815
6.57555639 -0.00016999
6.57900450 -0.00091970
6.58245262 -0.00016633
6.58590074 -0.00090107
6.58934885 -0.00016242
6.59279697 -0.00088231
6.59624508 -0.00015842
6.59969320 -0.00086337
6.60314131 -0.00015372
6.60658943 -0.00084375
6.61003755 -0.00014907
6.61348566 -0.00082382
6.61693378 -0.00014403
6.62038189 -0.00080443
6.62383001 -0.00014009
6.62727812 -0.00078527
6.63072624 -0.00013697
6.63417435 -0.00076694
6.63762247 -0.00013421
6.64107059 -0.00074892
6.64451870 -0.00013147
6.64796682 -0.00073038
6.65141493 -0.00012805
6.65486305 -0.00071142
6.65831116 -0.00012456
6.66175928 -0.00069196
6.66520739 -0.00012120
6.66865551 -0.00067330
6.67210363 -0.00011812
6.67555174 -0.00065506
6.67899986 -0.00011544
6.68244797 -0.00063649
6.68589609 -0.00011247
6.68934420 -0.00061751
6.69279232 -0.00010915
6.69624043 -0.00059811
6.69968855 -0.00010555
6.70313667 -0.00057873
6.70658478 -0.00010163
6.71003290 -0.00055892
6.71348101 -0.00009812
6.71692913 -0.00053873
6.72037724 -0.00009455
6.72382536 -0.00051933
6.72727347 -0.00009144
6.73072159 -0.00050088
6.73416971 -0.00008901
6.73761782 -0.00048253
6.74106594 -0.00008674
6.74451405 -0.00046326
6.74796217 -0.00008384
6.75141028 -0.00044296
6.75485840 -0.00007954
6.75830651 -0.00042204
6.76175463 -0.00007485
6.76520275 -0.00040108
6.76865086 -0.00007042
6.77209898 -0.00038050
6.77554709 -0.00006639
6.77899521 -0.00035960
6.78244332 -0.00006252
6.78589144 -0.00033872
6.78933955 -0.00005831
6.79278767 -0.00031781
6.79623579 -0.00005419
6.79968390 -0.00029675
6.80313202 -0.00005030
6.80658013 -0.00027543
6.81002825 -0.00004608
6.81347636 -0.00025373
6.81692448 -0.00004143
6.82037259 -0.00023272
6.82382071 -0.00003714
6.82726883 -0.00021241
6.83071694 -0.00003438
6.83416506 -0.00019241
6.83761317 -0.00003218
6.84106129 -0.00017259
6.84450940 -0.00002931
6.84795752 -0.00015193
6.85140563 -0.00002588
6.85485375 -0.00013102
6.85830187 -0.00002206
6.86174998 -0.00010983
6.86519810 -0.00001823
6.86864621 -0.00008759
6.87209433 -0.00000434
6.87554244 -0.00006909
6.87899056 0.00001868
6.88243867 -0.00004484
6.88588679 0.00004077
6.88933491 -0.00002799
6.89278302 0.00005009
