# Energy(eV)  Abs(norm)
0.00000000 0.00000000
0.00344812 0.01490118
0.00689623 0.05481644
0.01034435 0.10865211
0.01379246 0.16141168
0.01724058 0.20440976
0.02068869 0.22654888
0.02413681 0.21211469
0.02758492 0.23295719
0.03103304 0.21326970
0.03448116 0.20826871
0.03792927 0.21869159
0.04137739 0.22352260
0.04482550 0.23748786
0.04827362 0.23268487
0.05172173 0.23126959
0.05516985 0.21553362
0.05861796 0.20058860
0.06206608 0.17822166
0.06551420 0.16299767
0.06896231 0.14364480
0.07241043 0.12986162
0.07585854 0.11425005
0.07930666 0.10221941
0.08275477 0.08919118
0.08620289 0.07742843
0.08965100 0.06536565
0.09309912 0.05664327
0.09654724 0.04862101
0.09999535 0.04367815
0.10344347 0.03849826
0.10689158 0.03593367
0.11033970 0.03383045
0.11378781 0.03269944
0.11723593 0.03054034
0.12068404 0.03108025
0.12413216 0.02989550
0.12758028 0.03016654
0.13102839 0.02972827
0.13447651 0.03100805
0.13792462 0.02965106
0.14137274 0.03221524
0.14482085 0.03058394
0.14826897 0.03321830
0.15171709 0.03296200
0.15516520 0.03576886
0.15861332 0.03753356
0.16206143 0.04768885
0.16550955 0.06547819
0.16895766 0.09409605
0.17240578 0.13461392
0.17585389 0.19583121
0.17930201 0.25763932
0.18275013 0.31692003
0.18619824 0.35434934
0.18964636 0.36974413
0.19309447 0.35017928
0.19654259 0.30771474
0.19999070 0.24202277
0.20343882 0.17374379
0.20688693 0.10946235
0.21033505 0.06797534
0.21378317 0.04056294
0.21723128 0.02214375
0.22067940 0.01487845
0.22412751 0.01708953
0.22757563 0.01432068
0.23102374 0.01635191
0.23447186 0.01359622
0.23791997 0.01578237
0.24136809 0.01346441
0.24481621 0.01538296
0.24826432 0.01347127
0.25171244 0.01522404
0.25516055 0.01270629
0.25860867 0.01489811
0.26205678 0.01185196
0.26550490 0.01441999
0.26895301 0.01178297
0.27240113 0.01392320
0.27584925 0.01196220
0.27929736 0.01444654
0.28274548 0.01249285
0.28619359 0.01487643
0.28964171 0.01318052
0.29308982 0.01557715
0.29653794 0.01388579
0.29998605 0.01621204
0.30343417 0.01505612
0.30688229 0.01745885
0.31033040 0.01675184
0.31377852 0.01946785
0.31722663 0.01934226
0.32067475 0.02213829
0.32412286 0.02314032
0.32757098 0.02651385
0.33101909 0.02928086
0.33446721 0.03415855
0.33791533 0.03913841
0.34136344 0.04579607
0.34481156 0.05326187
0.34825967 0.06108714
0.35170779 0.07006558
0.35515590 0.07925241
0.35860402 0.08875773
0.36205213 0.09942433
0.36550025 0.10859909
0.36894837 0.12181950
0.37239648 0.13449876
0.37584460 0.15177234
0.37929271 0.17887790
0.38274083 0.21494696
0.38618894 0.25850509
0.38963706 0.31370465
0.39308517 0.36847504
0.39653329 0.41399502
0.39998141 0.43983370
0.40342952 0.43888030
0.40687764 0.40869890
0.41032575 0.35494144
0.41377387 0.28292345
0.41722198 0.21147450
0.42067010 0.14104534
0.42411821 0.09177227
0.42756633 0.06111442
0.43101445 0.04857654
0.43446256 0.04700646
0.43791068 0.06352790
0.44135879 0.08546848
0.44480691 0.11062709
0.44825502 0.13850396
0.45170314 0.16568779
0.45515126 0.19453268
0.45859937 0.22746318
0.46204749 0.27284141
0.46549560 0.33218323
0.46894372 0.42076562
0.47239183 0.53438141
0.47583995 0.66983544
0.47928806 0.80021532
0.48273618 0.91784337
0.48618430 0.98299719
0.48963241 1.00000000
0.49308053 0.93865005
0.49652864 0.83465950
0.49997676 0.67896658
0.50342487 0.52224315
0.50687299 0.36431145
0.51032110 0.24240240
0.51376922 0.13800445
0.51721734 0.07937225
0.52066545 0.03239931
0.52411357 0.01569149
0.52756168 -0.00424377
0.53100980 -0.00061815
0.53445791 -0.01341088
0.53790603 -0.00565197
0.54135414 -0.01529436
0.54480226 -0.00742406
0.54825038 -0.01531555
0.55169849 -0.00818444
0.55514661 -0.01503155
0.55859472 -0.00819465
0.56204284 -0.01451171
0.56549095 -0.00791657
0.56893907 -0.01414260
0.57238718 -0.00761295
0.57583530 -0.01369024
0.57928342 -0.00730284
0.58273153 -0.01342527
0.58617965 -0.00710148
0.58962776 -0.01278247
0.59307588 -0.00665793
0.59652399 -0.01214029
0.59997211 -0.00584203
0.60342022 -0.01109316
0.60686834 -0.00484318
0.61031646 -0.00979984
0.61376457 -0.00376790
0.61721269 -0.00865686
0.62066080 -0.00294548
0.62410892 -0.00785175
0.62755703 -0.00245629
0.63100515 -0.00745008
0.63445326 -0.00240465
0.63790138 -0.00722148
0.64134950 -0.00247610
0.64479761 -0.00723611
0.64824573 -0.00254306
0.65169384 -0.00719690
0.65514196 -0.00239074
0.65859007 -0.00684835
0.66203819 -0.00194684
0.66548630 -0.00623798
0.66893442 -0.00131717
0.67238254 -0.00560476
0.67583065 -0.00081311
0.67927877 -0.00529659
0.68272688 -0.00084936
0.68617500 -0.00544374
0.68962311 -0.00126250
0.69307123 -0.00593919
0.69651934 -0.00185041
0.69996746 -0.00632151
0.70341558 -0.00228094
0.70686369 -0.00647330
0.71031181 -0.00238456
0.71375992 -0.00649074
0.71720804 -0.00237020
0.72065615 -0.00655124
0.72410427 -0.00242545
0.72755238 -0.00670108
0.73100050 -0.00266254
0.73444862 -0.00687913
0.73789673 -0.00285520
0.74134485 -0.00703335
0.74479296 -0.00290089
0.74824108 -0.00696217
0.75168919 -0.00274277
0.75513731 -0.00667689
0.75858543 -0.00235179
0.76203354 -0.00620628
0.76548166 -0.00184356
0.76892977 -0.00564965
0.77237789 -0.00132762
0.77582600 -0.00515814
0.77927412 -0.00096019
0.78272223 -0.00484693
0.78617035 -0.00073784
0.78961847 -0.00464693
0.79306658 -0.00049797
0.79651470 -0.00428910
0.79996281 -0.00011658
0.80341093 -0.00376637
0.80685904 0.00053645
0.81030716 -0.00322282
0.81375527 0.00106752
0.81720339 -0.00277164
0.82065151 0.00129970
0.82409962 -0.00257490
0.82754774 0.00142611
0.83099585 -0.00247194
0.83444397 0.00141675
0.83789208 -0.00233137
0.84134020 0.00154871
0.84478831 -0.00214495
0.84823643 0.00181832
0.85168455 -0.00170515
0.85513266 0.00235349
0.85858078 -0.00129089
0.86202889 0.00300154
0.86547701 -0.00076128
0.86892512 0.00317641
0.87237324 -0.00061745
0.87582135 0.00309926
0.87926947 -0.00090438
0.88271759 0.00282310
0.88616570 -0.00091116
0.88961382 0.00265844
0.89306193 -0.00104589
0.89651005 0.00266147
0.89995816 -0.00123969
0.90340628 0.00232226
0.90685439 -0.00184681
0.91030251 0.00177202
0.91375063 -0.00252671
0.91719874 0.00104826
0.92064686 -0.00303687
0.92409497 0.00052774
0.92754309 -0.00335536
0.93099120 0.00035720
0.93443932 -0.00324837
0.93788743 0.00039609
0.94133555 -0.00301710
0.94478367 0.00069848
0.94823178 -0.00292376
0.95167990 0.00068962
0.95512801 -0.00306769
0.95857613 0.00053848
0.96202424 -0.00319032
0.96547236 0.00042085
0.96892047 -0.00324551
0.97236859 0.00035490
0.97581671 -0.00318154
0.97926482 0.00028230
0.98271294 -0.00318641
0.98616105 0.00017533
0.98960917 -0.00318081
0.99305728 0.00016154
0.99650540 -0.00313657
0.99995351 0.00022626
1.00340163 -0.00300337
1.00684975 0.00033386
1.01029786 -0.00282190
1.01374598 0.00052066
1.01719409 -0.00261303
1.02064221 0.00071439
1.02409032 -0.00241296
1.02753844 0.00084528
1.03098656 -0.00228525
1.03443467 0.00086247
1.03788279 -0.00228654
1.04133090 0.00084098
1.04477902 -0.00231081
1.04822713 0.00082579
1.05167525 -0.00230705
1.05512336 0.00080461
1.05857148 -0.00231581
1.06201960 0.00075081
1.06546771 -0.00241662
1.06891583 0.00060866
1.07236394 -0.00259706
1.07581206 0.00040292
1.07926017 -0.00279098
1.08270829 0.00018291
1.08615640 -0.00298415
1.08960452 -0.00000583
1.09305264 -0.00316345
1.09650075 -0.00016227
1.09994887 -0.00331458
1.10339698 -0.00028757
1.10684510 -0.00341975
1.11029321 -0.00035614
1.11374133 -0.00345610
1.11718944 -0.00034269
1.12063756 -0.00340052
1.12408568 -0.00023934
1.12753379 -0.00325754
1.13098191 -0.00006296
1.13443002 -0.00307642
1.13787814 0.00011133
1.14132625 -0.00293141
1.14477437 0.00022351
1.14822248 -0.00287524
1.15167060 0.00023765
1.15511872 -0.00290857
1.15856683 0.00017241
1.16201495 -0.00299145
1.16546306 0.00007784
1.16891118 -0.00307831
1.17235929 0.00001129
1.17580741 -0.00311057
1.17925552 0.00001020
1.18270364 -0.00306364
1.18615176 0.00009740
1.18959987 -0.00293828
1.19304799 0.00023998
1.19649610 -0.00278621
1.19994422 0.00038154
1.20339233 -0.00267022
1.20684045 0.00046282
1.21028856 -0.00262208
1.21373668 0.00046903
1.21718480 -0.00263209
1.22063291 0.00044417
1.22408103 -0.00264322
1.22752914 0.00042526
1.23097726 -0.00262063
1.23442537 0.00045715
1.23787349 -0.00255683
1.24132160 0.00054205
1.24476972 -0.00245936
1.24821784 0.00063777
1.25166595 -0.00237304
1.25511407 0.00068571
1.25856218 -0.00235985
1.26201030 0.00065895
1.26545841 -0.00240976
1.26890653 0.00057142
1.27235464 -0.00248123
1.27580276 0.00048798
1.27925088 -0.00253448
1.28269899 0.00044629
1.28614711 -0.00255329
1.28959522 0.00043983
1.29304334 -0.00254436
1.29649145 0.00046639
1.29993957 -0.00250344
1.30338768 0.00050392
1.30683580 -0.00245391
1.31028392 0.00056052
1.31373203 -0.00241251
1.31718015 0.00058727
1.32062826 -0.00238903
1.32407638 0.00058599
1.32752449 -0.00239845
1.33097261 0.00058679
1.33442073 -0.00239006
1.33786884 0.00060362
1.34131696 -0.00234199
1.34476507 0.00066113
1.34821319 -0.00227446
1.35166130 0.00070812
1.35510942 -0.00222030
1.35855753 0.00073958
1.36200565 -0.00220854
1.36545377 0.00073871
1.36890188 -0.00222710
1.37235000 0.00071304
1.37579811 -0.00225582
1.37924623 0.00068695
1.38269434 -0.00226658
1.38614246 0.00068350
1.38959057 -0.00223380
1.39303869 0.00073098
1.39648681 -0.00217166
1.39993492 0.00078141
1.40338304 -0.00211587
1.40683115 0.00080546
1.41027927 -0.00210906
1.41372738 0.00079153
1.41717550 -0.00214186
1.42062361 0.00076102
1.42407173 -0.00215831
1.42751985 0.00075725
1.43096796 -0.00213237
1.43441608 0.00079221
1.43786419 -0.00207925
1.44131231 0.00084470
1.44476042 -0.00202438
1.44820854 0.00088467
1.45165665 -0.00199488
1.45510477 0.00089571
1.45855289 -0.00198966
1.46200100 0.00089032
1.46544912 -0.00200240
1.46889723 0.00087650
1.47234535 -0.00201258
1.47579346 0.00086224
1.47924158 -0.00202119
1.48268969 0.00084863
1.48613781 -0.00203284
1.48958593 0.00082829
1.49303404 -0.00205289
1.49648216 0.00080343
1.49993027 -0.00207349
1.50337839 0.00078581
1.50682650 -0.00208067
1.51027462 0.00078551
1.51372273 -0.00206766
1.51717085 0.00080760
1.52061897 -0.00203946
1.52406708 0.00083898
1.52751520 -0.00200587
1.53096331 0.00087075
1.53441143 -0.00197641
1.53785954 0.00089543
1.54130766 -0.00195336
1.54475577 0.00091260
1.54820389 -0.00193805
1.55165201 0.00092091
1.55510012 -0.00193422
1.55854824 0.00091666
1.56199635 -0.00194283
1.56544447 0.00090121
1.56889258 -0.00195983
1.57234070 0.00088177
1.57578881 -0.00197352
1.57923693 0.00086902
1.58268505 -0.00197612
1.58613316 0.00087055
1.58958128 -0.00196468
1.59302939 0.00088547
1.59647751 -0.00194363
1.59992562 0.00090794
1.60337374 -0.00191919
1.60682185 0.00093052
1.61026997 -0.00189666
1.61371809 0.00094875
1.61716620 -0.00187766
1.62061432 0.00096256
1.62406243 -0.00186214
1.62751055 0.00097277
1.63095866 -0.00185216
1.63440678 0.00097730
1.63785490 -0.00185035
1.64130301 0.00097280
1.64475113 -0.00185848
1.64819924 0.00096268
1.65164736 -0.00186758
1.65509547 0.00095341
1.65854359 -0.00187079
1.66199170 0.00095366
1.66543982 -0.00186317
1.66888794 0.00096595
1.67233605 -0.00184320
1.67578417 0.00098377
1.67923228 -0.00182212
1.68268040 0.00100267
1.68612851 -0.00180438
1.68957663 0.00101537
1.69302474 -0.00179495
1.69647286 0.00102282
1.69992098 -0.00178943
1.70336909 0.00102516
1.70681721 -0.00178830
1.71026532 0.00102064
1.71371344 -0.00179911
1.71716155 0.00100484
1.72060967 -0.00182144
1.72405778 0.00097426
1.72750590 -0.00185308
1.73095402 0.00093987
1.73440213 -0.00188354
1.73785025 0.00091340
1.74129836 -0.00190128
1.74474648 0.00090274
1.74819459 -0.00190183
1.75164271 0.00090783
1.75509082 -0.00188918
1.75853894 0.00092320
1.76198706 -0.00187076
1.76543517 0.00094368
1.76888329 -0.00184453
1.77233140 0.00096730
1.77577952 -0.00181769
1.77922763 0.00099498
1.78267575 -0.00178745
1.78612386 0.00102636
1.78957198 -0.00175510
1.79302010 0.00105628
1.79646821 -0.00172397
1.79991633 0.00108271
1.80336444 -0.00169979
1.80681256 0.00109799
1.81026067 -0.00168893
1.81370879 0.00110299
1.81715690 -0.00168363
1.82060502 0.00110258
1.82405314 -0.00168060
1.82750125 0.00110532
1.83094937 -0.00167513
1.83439748 0.00110983
1.83784560 -0.00167031
1.84129371 0.00111119
1.84474183 -0.00167066
1.84818994 0.00110665
1.85163806 -0.00167567
1.85508618 0.00109768
1.85853429 -0.00168424
1.86198241 0.00108844
1.86543052 -0.00169056
1.86887864 0.00108275
1.87232675 -0.00169207
1.87577487 0.00108431
1.87922298 -0.00168452
1.88267110 0.00109437
1.88611922 -0.00166838
1.88956733 0.00111243
1.89301545 -0.00164874
1.89646356 0.00113089
1.89991168 -0.00163207
1.90335979 0.00114107
1.90680791 -0.00162607
1.91025603 0.00114017
1.91370414 -0.00163074
1.91715226 0.00113048
1.92060037 -0.00164051
1.92404849 0.00111911
1.92749660 -0.00164902
1.93094472 0.00111032
1.93439283 -0.00165275
1.93784095 0.00110802
1.94128907 -0.00165001
1.94473718 0.00111340
1.94818530 -0.00163963
1.95163341 0.00112563
1.95508153 -0.00162296
1.95852964 0.00114144
1.96197776 -0.00160549
1.96542587 0.00115610
1.96887399 -0.00159222
1.97232211 0.00116455
1.97577022 -0.00158662
1.97921834 0.00116477
1.98266645 -0.00158847
1.98611457 0.00115839
1.98956268 -0.00159594
1.99301080 0.00114962
1.99645891 -0.00160331
1.99990703 0.00114248
2.00335515 -0.00160612
2.00680326 0.00114052
2.01025138 -0.00160250
2.01369949 0.00114552
2.01714761 -0.00159372
2.02059572 0.00115411
2.02404384 -0.00158372
2.02749195 0.00116286
2.03094007 -0.00157597
2.03438819 0.00116769
2.03783630 -0.00157258
2.04128442 0.00116877
2.04473253 -0.00157190
2.04818065 0.00116803
2.05162876 -0.00157126
2.05507688 0.00116749
2.05852499 -0.00156935
2.06197311 0.00116773
2.06542123 -0.00156693
2.06886934 0.00116793
2.07231746 -0.00156512
2.07576557 0.00116803
2.07921369 -0.00156493
2.08266180 0.00116655
2.08610992 -0.00156649
2.08955803 0.00116317
2.09300615 -0.00156926
2.09645427 0.00115923
2.09990238 -0.00157196
2.10335050 0.00115688
2.10679861 -0.00157150
2.11024673 0.00115736
2.11369484 -0.00156806
2.11714296 0.00115930
2.12059107 -0.00156381
2.12403919 0.00116139
2.12748731 -0.00155993
2.13093542 0.00116449
2.13438354 -0.00155439
2.13783165 0.00117001
2.14127977 -0.00154602
2.14472788 0.00117823
2.14817600 -0.00153599
2.15162411 0.00118701
2.15507223 -0.00152740
2.15852035 0.00119374
2.16196846 -0.00152142
2.16541658 0.00119753
2.16886469 -0.00151649
2.17231281 0.00119989
2.17576092 -0.00151215
2.17920904 0.00120300
2.18265715 -0.00150694
2.18610527 0.00120764
2.18955339 -0.00150085
2.19300150 0.00121195
2.19644962 -0.00149644
2.19989773 0.00121310
2.20334585 -0.00149527
2.20679396 0.00121156
2.21024208 -0.00149686
2.21369020 0.00120907
2.21713831 -0.00149675
2.22058643 0.00120939
2.22403454 -0.00149306
2.22748266 0.00121293
2.23093077 -0.00148640
2.23437889 0.00121822
2.23782700 -0.00147986
2.24127512 0.00122322
2.24472324 -0.00147417
2.24817135 0.00122643
2.25161947 -0.00147007
2.25506758 0.00122766
2.25851570 -0.00146808
2.26196381 0.00122729
2.26541193 -0.00146751
2.26886004 0.00122602
2.27230816 -0.00146737
2.27575628 0.00122511
2.27920439 -0.00146618
2.28265251 0.00122473
2.28610062 -0.00146467
2.28954874 0.00122429
2.29299685 -0.00146395
2.29644497 0.00122328
2.29989308 -0.00146340
2.30334120 0.00122257
2.30678932 -0.00146178
2.31023743 0.00122377
2.31368555 -0.00145748
2.31713366 0.00122823
2.32058178 -0.00145067
2.32402989 0.00123398
2.32747801 -0.00144393
2.33092612 0.00123892
2.33437424 -0.00143986
2.33782236 0.00123982
2.34127047 -0.00143997
2.34471859 0.00123662
2.34816670 -0.00144284
2.35161482 0.00123161
2.35506293 -0.00144545
2.35851105 0.00122900
2.36195916 -0.00144455
2.36540728 0.00123075
2.36885540 -0.00144010
2.37230351 0.00123559
2.37575163 -0.00143414
2.37919974 0.00123940
2.38264786 -0.00143020
2.38609597 0.00124155
2.38954409 -0.00142751
2.39299220 0.00124252
2.39644032 -0.00142484
2.39988844 0.00124382
2.40333655 -0.00142162
2.40678467 0.00124604
2.41023278 -0.00141825
2.41368090 0.00124741
2.41712901 -0.00141575
2.42057713 0.00124887
2.42402524 -0.00141423
2.42747336 0.00124901
2.43092148 -0.00141223
2.43436959 0.00124923
2.43781771 -0.00141038
2.44126582 0.00125023
2.44471394 -0.00140751
2.44816205 0.00125247
2.45161017 -0.00140377
2.45505828 0.00125522
2.45850640 -0.00140028
2.46195452 0.00125718
2.46540263 -0.00139730
2.46885075 0.00125790
2.47229886 -0.00139594
2.47574698 0.00125843
2.47919509 -0.00139453
2.48264321 0.00125801
2.48609132 -0.00139359
2.48953944 0.00125758
2.49298756 -0.00139286
2.49643567 0.00125699
2.49988379 -0.00139182
2.50333190 0.00125682
2.50678002 -0.00138984
2.51022813 0.00125776
2.51367625 -0.00138770
2.51712437 0.00125784
2.52057248 -0.00138637
2.52402060 0.00125781
2.52746871 -0.00138560
2.53091683 0.00125719
2.53436494 -0.00138432
2.53781306 0.00125733
2.54126117 -0.00138255
2.54470929 0.00125837
2.54815741 -0.00137971
2.55160552 0.00126000
2.55505364 -0.00137601
2.55850175 0.00126242
2.56194987 -0.00137160
2.56539798 0.00126505
2.56884610 -0.00136781
2.57229421 0.00126710
2.57574233 -0.00136518
2.57919045 0.00126816
2.58263856 -0.00136244
2.58608668 0.00126945
2.58953479 -0.00135986
2.59298291 0.00127078
2.59643102 -0.00135781
2.59987914 0.00127098
2.60332725 -0.00135676
2.60677537 0.00126987
2.61022349 -0.00135599
2.61367160 0.00126890
2.61711972 -0.00135463
2.62056783 0.00126979
2.62401595 -0.00135191
2.62746406 0.00127120
2.63091218 -0.00134955
2.63436029 0.00127171
2.63780841 -0.00134845
2.64125653 0.00127000
2.64470464 -0.00134909
2.64815276 0.00126793
2.65160087 -0.00134904
2.65504899 0.00126745
2.65849710 -0.00134619
2.66194522 0.00126968
2.66539333 -0.00134107
2.66884145 0.00127322
2.67228957 -0.00133543
2.67573768 0.00127611
2.67918580 -0.00133202
2.68263391 0.00127717
2.68608203 -0.00133012
2.68953014 0.00127627
2.69297826 -0.00132972
2.69642637 0.00127472
2.69987449 -0.00132968
2.70332261 0.00127386
2.70677072 -0.00132888
2.71021884 0.00127319
2.71366695 -0.00132745
2.71711507 0.00127298
2.72056318 -0.00132582
2.72401130 0.00127179
2.72745941 -0.00132495
2.73090753 0.00127104
2.73435565 -0.00132383
2.73780376 0.00127128
2.74125188 -0.00132147
2.74469999 0.00127220
2.74814811 -0.00131840
2.75159622 0.00127365
2.75504434 -0.00131562
2.75849245 0.00127440
2.76194057 -0.00131306
2.76538869 0.00127526
2.76883680 -0.00131080
2.77228492 0.00127573
2.77573303 -0.00130868
2.77918115 0.00127529
2.78262926 -0.00130779
2.78607738 0.00127501
2.78952549 -0.00130695
2.79297361 0.00127414
2.79642173 -0.00130578
2.79986984 0.00127342
2.80331796 -0.00130460
2.80676607 0.00127277
2.81021419 -0.00130376
2.81366230 0.00127216
2.81711042 -0.00130247
2.82055854 0.00127228
2.82400665 -0.00130002
2.82745477 0.00127372
2.83090288 -0.00129627
2.83435100 0.00127605
2.83779911 -0.00129254
2.84124723 0.00127837
2.84469534 -0.00128918
2.84814346 0.00127948
2.85159158 -0.00128768
2.85503969 0.00127895
2.85848781 -0.00128769
2.86193592 0.00127707
2.86538404 -0.00128861
2.86883215 0.00127517
2.87228027 -0.00128841
2.87572838 0.00127544
2.87917650 -0.00128578
2.88262462 0.00127768
2.88607273 -0.00128180
2.88952085 0.00127996
2.89296896 -0.00127934
2.89641708 0.00127988
2.89986519 -0.00127915
2.90331331 0.00127828
2.90676142 -0.00127950
2.91020954 0.00127699
2.91365766 -0.00127802
2.91710577 0.00127817
2.92055389 -0.00127506
2.92400200 0.00128020
2.92745012 -0.00127212
2.93089823 0.00128096
2.93434635 -0.00127071
2.93779446 0.00127990
2.94124258 -0.00127002
2.94469070 0.00127907
2.94813881 -0.00126854
2.95158693 0.00127992
2.95503504 -0.00126554
2.95848316 0.00128184
2.96193127 -0.00126154
2.96537939 0.00128368
2.96882750 -0.00125881
2.97227562 0.00128442
2.97572374 -0.00125771
2.97917185 0.00128354
2.98261997 -0.00125772
2.98606808 0.00128143
2.98951620 -0.00125774
2.99296431 0.00127990
2.99641243 -0.00125751
2.99986054 0.00127924
3.00330866 -0.00125693
3.00675678 0.00127808
3.01020489 -0.00125651
3.01365301 0.00127682
3.01710112 -0.00125614
3.02054924 0.00127616
3.02399735 -0.00125498
3.02744547 0.00127662
3.03089358 -0.00125341
3.03434170 0.00127691
3.03778982 -0.00125206
3.04123793 0.00127677
3.04468605 -0.00125086
3.04813416 0.00127722
3.05158228 -0.00124868
3.05503039 0.00127877
3.05847851 -0.00124517
3.06192662 0.00128074
3.06537474 -0.00124148
3.06882286 0.00128222
3.07227097 -0.00123823
3.07571909 0.00128357
3.07916720 -0.00123602
3.08261532 0.00128407
3.08606343 -0.00123461
3.08951155 0.00128307
3.09295967 -0.00123433
3.09640778 0.00128154
3.09985590 -0.00123388
3.10330401 0.00128081
3.10675213 -0.00123264
3.11020024 0.00128069
3.11364836 -0.00123048
3.11709647 0.00128009
3.12054459 -0.00122859
3.12399271 0.00127985
3.12744082 -0.00122692
3.13088894 0.00128092
3.13433705 -0.00122436
3.13778517 0.00128202
3.14123328 -0.00122228
3.14468140 0.00128167
3.14812951 -0.00122130
3.15157763 0.00128010
3.15502575 -0.00122122
3.15847386 0.00127885
3.16192198 -0.00121991
3.16537009 0.00127841
3.16881821 -0.00121794
3.17226632 0.00127842
3.17571444 -0.00121569
3.17916255 0.00127851
3.18261067 -0.00121385
3.18605879 0.00127914
3.18950690 -0.00121161
3.19295502 0.00127974
3.19640313 -0.00120949
3.19985125 0.00127918
3.20329936 -0.00120891
3.20674748 0.00127764
3.21019559 -0.00120937
3.21364371 0.00127478
3.21709183 -0.00121045
3.22053994 0.00127285
3.22398806 -0.00121009
3.22743617 0.00127097
3.23088429 -0.00120899
3.23433240 0.00127011
3.23778052 -0.00120760
3.24122863 0.00126966
3.24467675 -0.00120632
3.24812487 0.00126902
3.25157298 -0.00120487
3.25502110 0.00126862
3.25846921 -0.00120343
3.26191733 0.00126769
3.26536544 -0.00120192
3.26881356 0.00126827
3.27226167 -0.00120016
3.27570979 0.00126883
3.27915791 -0.00119741
3.28260602 0.00126889
3.28605414 -0.00119592
3.28950225 0.00126787
3.29295037 -0.00119616
3.29639848 0.00126577
3.29984660 -0.00119660
3.30329471 0.00126352
3.30674283 -0.00119555
3.31019095 0.00126369
3.31363906 -0.00119176
3.31708718 0.00126646
3.32053529 -0.00118694
3.32398341 0.00127059
3.32743152 -0.00118227
3.33087964 0.00127225
3.33432775 -0.00118082
3.33777587 0.00127025
3.34122399 -0.00118259
3.34467210 0.00126625
3.34812022 -0.00118481
3.35156833 0.00126308
3.35501645 -0.00118363
3.35846456 0.00126434
3.36191268 -0.00117857
3.36536079 0.00126792
3.36880891 -0.00117295
3.37225703 0.00127063
3.37570514 -0.00116963
3.37915326 0.00127060
3.38260137 -0.00116853
3.38604949 0.00126938
3.38949760 -0.00116803
3.39294572 0.00126838
3.39639384 -0.00116741
3.39984195 0.00126675
3.40329007 -0.00116851
3.40673818 0.00126342
3.41018630 -0.00117012
3.41363441 0.00125964
3.41708253 -0.00117095
3.42053064 0.00125797
3.42397876 -0.00116936
3.42742688 0.00125893
3.43087499 -0.00116600
3.43432311 0.00125985
3.43777122 -0.00116362
3.44121934 0.00125977
3.44466745 -0.00116260
3.44811557 0.00125911
3.45156368 -0.00116252
3.45501180 0.00125866
3.45845992 -0.00116151
3.46190803 0.00125778
3.46535615 -0.00116056
3.46880426 0.00125688
3.47225238 -0.00115932
3.47570049 0.00125686
3.47914861 -0.00115758
3.48259672 0.00125760
3.48604484 -0.00115491
3.48949296 0.00125815
3.49294107 -0.00115338
3.49638919 0.00125789
3.49983730 -0.00115299
3.50328542 0.00125696
3.50673353 -0.00115268
3.51018165 0.00125535
3.51362976 -0.00115229
3.51707788 0.00125363
3.52052600 -0.00115191
3.52397411 0.00125161
3.52742223 -0.00115121
3.53087034 0.00125103
3.53431846 -0.00114919
3.53776657 0.00125261
3.54121469 -0.00114550
3.54466280 0.00125517
3.54811092 -0.00114175
3.55155904 0.00125699
3.55500715 -0.00113943
3.55845527 0.00125653
3.56190338 -0.00113847
3.56535150 0.00125485
3.56879961 -0.00113783
3.57224773 0.00125379
3.57569584 -0.00113540
3.57914396 0.00125433
3.58259208 -0.00113260
3.58604019 0.00125593
3.58948831 -0.00113031
3.59293642 0.00125496
3.59638454 -0.00113077
3.59983265 0.00125195
3.60328077 -0.00113233
3.60672888 0.00124879
3.61017700 -0.00113249
3.61362512 0.00124741
3.61707323 -0.00113093
3.62052135 0.00124752
3.62396946 -0.00112817
3.62741758 0.00124719
3.63086569 -0.00112633
3.63431381 0.00124763
3.63776192 -0.00112389
3.64121004 0.00124811
3.64465816 -0.00112162
3.64810627 0.00124828
3.65155439 -0.00112020
3.65500250 0.00124689
3.65845062 -0.00112030
3.66189873 0.00124411
3.66534685 -0.00112060
3.66879496 0.00124235
3.67224308 -0.00111925
3.67569120 0.00124212
3.67913931 -0.00111652
3.68258743 0.00124294
3.68603554 -0.00111345
3.68948366 0.00124312
3.69293177 -0.00111184
3.69637989 0.00124266
3.69982801 -0.00111069
3.70327612 0.00124200
3.70672424 -0.00110936
3.71017235 0.00124173
3.71362047 -0.00110687
3.71706858 0.00124170
3.72051670 -0.00110456
3.72396481 0.00124148
3.72741293 -0.00110334
3.73086105 0.00123997
3.73430916 -0.00110408
3.73775728 0.00123648
3.74120539 -0.00110648
3.74465351 0.00123188
3.74810162 -0.00110884
3.75154974 0.00122800
3.75499785 -0.00110922
3.75844597 0.00122739
3.76189409 -0.00110574
3.76534220 0.00122948
3.76879032 -0.00110046
3.77223843 0.00123183
3.77568655 -0.00109636
3.77913466 0.00123203
3.78258278 -0.00109551
3.78603089 0.00123030
3.78947901 -0.00109570
3.79292713 0.00122868
3.79637524 -0.00109471
3.79982336 0.00122845
3.80327147 -0.00109229
3.80671959 0.00122872
3.81016770 -0.00108983
3.81361582 0.00122816
3.81706393 -0.00108875
3.82051205 0.00122627
3.82396017 -0.00108876
3.82740828 0.00122314
3.83085640 -0.00108921
3.83430451 0.00122072
3.83775263 -0.00108806
3.84120074 0.00122004
3.84464886 -0.00108592
3.84809697 0.00122119
3.85154509 -0.00108292
3.85499321 0.00122136
3.85844132 -0.00108130
3.86188944 0.00122003
3.86533755 -0.00108055
3.86878567 0.00121831
3.87223378 -0.00107982
3.87568190 0.00121781
3.87913001 -0.00107797
3.88257813 0.00121780
3.88602625 -0.00107577
3.88947436 0.00121687
3.89292248 -0.00107503
3.89637059 0.00121555
3.89981871 -0.00107451
3.90326682 0.00121338
3.90671494 -0.00107422
3.91016305 0.00121145
3.91361117 -0.00107401
3.91705929 0.00120927
3.92050740 -0.00107390
3.92395552 0.00120766
3.92740363 -0.00107319
3.93085175 0.00120732
3.93429986 -0.00107120
3.93774798 0.00120692
3.94119609 -0.00106922
3.94464421 0.00120638
3.94809233 -0.00106751
3.95154044 0.00120587
3.95498856 -0.00106529
3.95843667 0.00120601
3.96188479 -0.00106239
3.96533290 0.00120699
3.96878102 -0.00105988
3.97222914 0.00120694
3.97567725 -0.00105820
3.97912537 0.00120648
3.98257348 -0.00105690
3.98602160 0.00120533
3.98946971 -0.00105530
3.99291783 0.00120428
3.99636594 -0.00105352
3.99981406 0.00120361
4.00326218 -0.00105183
4.00671029 0.00120290
4.01015841 -0.00105025
4.01360652 0.00120185
4.01705464 -0.00104923
4.02050275 0.00120010
4.02395087 -0.00104894
4.02739898 0.00119852
4.03084710 -0.00104850
4.03429522 0.00119719
4.03774333 -0.00104666
4.04119145 0.00119663
4.04463956 -0.00104490
4.04808768 0.00119536
4.05153579 -0.00104382
4.05498391 0.00119336
4.05843202 -0.00104349
4.06188014 0.00119147
4.06532826 -0.00104252
4.06877637 0.00119065
4.07222449 -0.00104001
4.07567260 0.00119126
4.07912072 -0.00103710
4.08256883 0.00119152
4.08601695 -0.00103524
4.08946506 0.00119033
4.09291318 -0.00103483
4.09636130 0.00118737
4.09980941 -0.00103507
4.10325753 0.00118490
4.10670564 -0.00103427
4.11015376 0.00118438
4.11360187 -0.00103175
4.11704999 0.00118510
4.12049810 -0.00102835
4.12394622 0.00118526
4.12739434 -0.00102597
4.13084245 0.00118430
4.13429057 -0.00102458
4.13773868 0.00118296
4.14118680 -0.00102336
4.14463491 0.00118155
4.14808303 -0.00102224
4.15153114 0.00117958
4.15497926 -0.00102233
4.15842738 0.00117656
4.16187549 -0.00102346
4.16532361 0.00117294
4.16877172 -0.00102431
4.17221984 0.00116995
4.17566795 -0.00102323
4.17911607 0.00116923
4.18256418 -0.00102032
4.18601230 0.00116921
4.18946042 -0.00101691
4.19290853 0.00116999
4.19635665 -0.00101442
4.19980476 0.00116946
4.20325288 -0.00101302
4.20670099 0.00116789
4.21014911 -0.00101221
4.21359722 0.00116637
4.21704534 -0.00101102
4.22049346 0.00116613
4.22394157 -0.00100858
4.22738969 0.00116647
4.23083780 -0.00100542
4.23428592 0.00116615
4.23773403 -0.00100324
4.24118215 0.00116538
4.24463026 -0.00100127
4.24807838 0.00116526
4.25152650 -0.00099849
4.25497461 0.00116613
4.25842273 -0.00099575
4.26187084 0.00116586
4.26531896 -0.00099420
4.26876707 0.00116328
4.27221519 -0.00099518
4.27566331 0.00116036
4.27911142 -0.00099488
4.28255954 0.00115850
4.28600765 -0.00099285
4.28945577 0.00115869
4.29290388 -0.00098976
4.29635200 0.00115858
4.29980011 -0.00098737
4.30324823 0.00115705
4.30669635 -0.00098685
4.31014446 0.00115488
4.31359258 -0.00098630
4.31704069 0.00115204
4.32048881 -0.00098534
4.32393692 0.00115006
4.32738504 -0.00098461
4.33083315 0.00114802
4.33428127 -0.00098337
4.33772939 0.00114635
4.34117750 -0.00098276
4.34462562 0.00114517
4.34807373 -0.00098093
4.35152185 0.00114387
4.35496996 -0.00097913
4.35841808 0.00114272
4.36186619 -0.00097752
4.36531431 0.00114105
4.36876243 -0.00097630
4.37221054 0.00113884
4.37565866 -0.00097550
4.37910677 0.00113692
4.38255489 -0.00097445
4.38600300 0.00113509
4.38945112 -0.00097309
4.39289923 0.00113450
4.39634735 -0.00097066
4.39979547 0.00113448
4.40324358 -0.00096768
4.40669170 0.00113503
4.41013981 -0.00096487
4.41358793 0.00113392
4.41703604 -0.00096379
4.42048416 0.00113129
4.42393227 -0.00096377
4.42738039 0.00112814
4.43082851 -0.00096358
4.43427662 0.00112581
4.43772474 -0.00096205
4.44117285 0.00112477
4.44462097 -0.00096024
4.44806908 0.00112319
4.45151720 -0.00095975
4.45496531 0.00112110
4.45841343 -0.00096004
4.46186155 0.00111801
4.46530966 -0.00096005
4.46875778 0.00111592
4.47220589 -0.00095849
4.47565401 0.00111526
4.47910212 -0.00095565
4.48255024 0.00111534
4.48599835 -0.00095277
4.48944647 0.00111482
4.49289459 -0.00095154
4.49634270 0.00111246
4.49979082 -0.00095195
4.50323893 0.00110934
4.50668705 -0.00095259
4.51013516 0.00110716
4.51358328 -0.00095144
4.51703139 0.00110665
4.52047951 -0.00094823
4.52392763 0.00110687
4.52737574 -0.00094497
4.53082386 0.00110715
4.53427197 -0.00094226
4.53772009 0.00110656
4.54116820 -0.00094069
4.54461632 0.00110474
4.54806443 -0.00094004
4.55151255 0.00110178
4.55496067 -0.00094022
4.55840878 0.00109938
4.56185690 -0.00093993
4.56530501 0.00109842
4.56875313 -0.00093727
4.57220124 0.00109870
4.57564936 -0.00093397
4.57909748 0.00109850
4.58254559 -0.00093104
4.58599371 0.00109767
4.58944182 -0.00092838
4.59288994 0.00109653
4.59633805 -0.00092568
4.59978617 0.00109577
4.60323428 -0.00092341
4.60668240 0.00109519
4.61013052 -0.00092269
4.61357863 0.00109301
4.61702675 -0.00092272
4.62047486 0.00108996
4.62392298 -0.00092341
4.62737109 0.00108593
4.63081921 -0.00092453
4.63426732 0.00108141
4.63771544 -0.00092475
4.64116356 0.00107764
4.64461167 -0.00092305
4.64805979 0.00107706
4.65150790 -0.00091873
4.65495602 0.00107982
4.65840413 -0.00091271
4.66185225 0.00108208
4.66530036 -0.00090804
4.66874848 0.00108217
4.67219660 -0.00090553
4.67564471 0.00108012
4.67909283 -0.00090475
4.68254094 0.00107810
4.68598906 -0.00090393
4.68943717 0.00107537
4.69288529 -0.00090346
4.69633340 0.00107166
4.69978152 -0.00090355
4.70322964 0.00106820
4.70667775 -0.00090328
4.71012587 0.00106592
4.71357398 -0.00090090
4.71702210 0.00106497
4.72047021 -0.00089806
4.72391833 0.00106390
4.72736644 -0.00089584
4.73081456 0.00106209
4.73426268 -0.00089528
4.73771079 0.00105964
4.74115891 -0.00089508
4.74460702 0.00105691
4.74805514 -0.00089428
4.75150325 0.00105463
4.75495137 -0.00089339
4.75839948 0.00105278
4.76184760 -0.00089238
4.76529572 0.00105048
4.76874383 -0.00089098
4.77219195 0.00104825
4.77564006 -0.00088873
4.77908818 0.00104753
4.78253629 -0.00088458
4.78598441 0.00104898
4.78943252 -0.00087928
4.79288064 0.00105114
4.79632876 -0.00087430
4.79977687 0.00105217
4.80322499 -0.00087120
4.80667310 0.00105103
4.81012122 -0.00087068
4.81356933 0.00104757
4.81701745 -0.00087221
4.82046556 0.00104224
4.82391368 -0.00087444
4.82736180 0.00103690
4.83080991 -0.00087521
4.83425803 0.00103382
4.83770614 -0.00087248
4.84115426 0.00103435
4.84460237 -0.00086728
4.84805049 0.00103633
4.85149861 -0.00086198
4.85494672 0.00103656
4.85839484 -0.00085982
4.86184295 0.00103406
4.86529107 -0.00086017
4.86873918 0.00103009
4.87218730 -0.00086111
4.87563541 0.00102631
4.87908353 -0.00086128
4.88253165 0.00102302
4.88597976 -0.00086045
4.88942788 0.00101963
4.89287599 -0.00085952
4.89632411 0.00101771
4.89977222 -0.00085737
4.90322034 0.00101622
4.90666845 -0.00085432
4.91011657 0.00101557
4.91356469 -0.00085163
4.91701280 0.00101462
4.92046092 -0.00084910
4.92390903 0.00101323
4.92735715 -0.00084750
4.93080526 0.00101160
4.93425338 -0.00084627
4.93770149 0.00100869
4.94114961 -0.00084514
4.94459773 0.00100667
4.94804584 -0.00084371
4.95149396 0.00100470
4.95494207 -0.00084084
4.95839019 0.00100369
4.96183830 -0.00083803
4.96528642 0.00100276
4.96873453 -0.00083521
4.97218265 0.00100152
4.97563077 -0.00083262
4.97907888 0.00100075
4.98252700 -0.00083050
4.98597511 0.00099942
4.98942323 -0.00082855
4.99287134 0.00099727
4.99631946 -0.00082757
4.99976757 0.00099423
5.00321569 -0.00082670
5.00666381 0.00099140
5.01011192 -0.00082542
5.01356004 0.00098930
5.01700815 -0.00082300
5.02045627 0.00098761
5.02390438 -0.00082119
5.02735250 0.00098480
5.03080061 -0.00082093
5.03424873 0.00098106
5.03769685 -0.00082117
5.04114496 0.00097816
5.04459308 -0.00081970
5.04804119 0.00097659
5.05148931 -0.00081683
5.05493742 0.00097631
5.05838554 -0.00081427
5.06183365 0.00097461
5.06528177 -0.00081224
5.06872989 0.00097189
5.07217800 -0.00081071
5.07562612 0.00096978
5.07907423 -0.00080842
5.08252235 0.00096840
5.08597046 -0.00080625
5.08941858 0.00096770
5.09286669 -0.00080408
5.09631481 0.00096600
5.09976293 -0.00080161
5.10321104 0.00096477
5.10665916 -0.00079964
5.11010727 0.00096313
5.11355539 -0.00079767
5.11700350 0.00096066
5.12045162 -0.00079607
5.12389973 0.00095762
5.12734785 -0.00079369
5.13079597 0.00095590
5.13424408 -0.00079019
5.13769220 0.00095579
5.14114031 -0.00078614
5.14458843 0.00095516
5.14803654 -0.00078309
5.15148466 0.00095286
5.15493278 -0.00078234
5.15838089 0.00094896
5.16182901 -0.00078222
5.16527712 0.00094512
5.16872524 -0.00078130
5.17217335 0.00094231
5.17562147 -0.00077893
5.17906958 0.00094002
5.18251770 -0.00077637
5.18596582 0.00093763
5.18941393 -0.00077432
5.19286205 0.00093571
5.19631016 -0.00077164
5.19975828 0.00093431
5.20320639 -0.00076848
5.20665451 0.00093329
5.21010262 -0.00076626
5.21355074 0.00092971
5.21699886 -0.00076625
5.22044697 0.00092422
5.22389509 -0.00076804
5.22734320 0.00091867
5.23079132 -0.00076867
5.23423943 0.00091501
5.23768755 -0.00076655
5.24113566 0.00091471
5.24458378 -0.00076212
5.24803190 0.00091471
5.25148001 -0.00075731
5.25492813 0.00091400
5.25837624 -0.00075501
5.26182436 0.00091071
5.26527247 -0.00075495
5.26872059 0.00090592
5.27216870 -0.00075563
5.27561682 0.00090180
5.27906494 -0.00075439
5.28251305 0.00090003
5.28596117 -0.00075043
5.28940928 0.00090046
5.29285740 -0.00074581
5.29630551 0.00089994
5.29975363 -0.00074304
5.30320174 0.00089647
5.30664986 -0.00074346
5.31009798 0.00089067
5.31354609 -0.00074452
5.31699421 0.00088577
5.32044232 -0.00074328
5.32389044 0.00088367
5.32733855 -0.00073919
5.33078667 0.00088371
5.33423478 -0.00073404
5.33768290 0.00088354
5.34113102 -0.00073040
5.34457913 0.00088159
5.34802725 -0.00072928
5.35147536 0.00087753
5.35492348 -0.00072954
5.35837159 0.00087352
5.36181971 -0.00072819
5.36526782 0.00087076
5.36871594 -0.00072449
5.37216406 0.00087039
5.37561217 -0.00071934
5.37906029 0.00087056
5.38250840 -0.00071512
5.38595652 0.00086852
5.38940463 -0.00071370
5.39285275 0.00086411
5.39630086 -0.00071450
5.39974898 0.00085794
5.40319710 -0.00071496
5.40664521 0.00085427
5.41009333 -0.00071262
5.41354144 0.00085343
5.41698956 -0.00070644
5.42043767 0.00085530
5.42388579 -0.00069987
5.42733390 0.00085579
5.43078202 -0.00069570
5.43423014 0.00085311
5.43767825 -0.00069548
5.44112637 0.00084681
5.44457448 -0.00069813
5.44802260 0.00083900
5.45147071 -0.00070027
5.45491883 0.00083304
5.45836695 -0.00070030
5.46181506 0.00082968
5.46526318 -0.00069730
5.46871129 0.00082840
5.47215941 -0.00069291
5.47560752 0.00082707
5.47905564 -0.00068887
5.48250375 0.00082558
5.48595187 -0.00068565
5.48939999 0.00082397
5.49284810 -0.00068201
5.49629622 0.00082283
5.49974433 -0.00067862
5.50319245 0.00082142
5.50664056 -0.00067559
5.51008868 0.00081904
5.51353679 -0.00067387
5.51698491 0.00081562
5.52043303 -0.00067294
5.52388114 0.00081143
5.52732926 -0.00067193
5.53077737 0.00080819
5.53422549 -0.00067013
5.53767360 0.00080572
5.54112172 -0.00066642
5.54456983 0.00080498
5.54801795 -0.00066176
5.55146607 0.00080472
5.55491418 -0.00065745
5.55836230 0.00080293
5.56181041 -0.00065499
5.56525853 0.00079969
5.56870664 -0.00065455
5.57215476 0.00079546
5.57560287 -0.00065411
5.57905099 0.00079267
5.58249911 -0.00065151
5.58594722 0.00079134
5.58939534 -0.00064684
5.59284345 0.00079099
5.59629157 -0.00064149
5.59973968 0.00079022
5.60318780 -0.00063727
5.60663591 0.00078831
5.61008403 -0.00063444
5.61353215 0.00078479
5.61698026 -0.00063301
5.62042838 0.00078108
5.62387649 -0.00063261
5.62732461 0.00077760
5.63077272 -0.00063126
5.63422084 0.00077459
5.63766895 -0.00062872
5.64111707 0.00077260
5.64456519 -0.00062502
5.64801330 0.00077039
5.65146142 -0.00062132
5.65490953 0.00076753
5.65835765 -0.00061960
5.66180576 0.00076255
5.66525388 -0.00061940
5.66870199 0.00075653
5.67215011 -0.00061995
5.67559823 0.00075198
5.67904634 -0.00061815
5.68249446 0.00074961
5.68594257 -0.00061459
5.68939069 0.00074856
5.69283880 -0.00061066
5.69628692 0.00074625
5.69973503 -0.00060790
5.70318315 0.00074223
5.70663127 -0.00060692
5.71007938 0.00073694
5.71352750 -0.00060722
5.71697561 0.00073126
5.72042373 -0.00060680
5.72387184 0.00072684
5.72731996 -0.00060427
5.73076808 0.00072502
5.73421619 -0.00059880
5.73766431 0.00072558
5.74111242 -0.00059304
5.74456054 0.00072533
5.74800865 -0.00058902
5.75145677 0.00072176
5.75490488 -0.00058811
5.75835300 0.00071643
5.76180112 -0.00058868
5.76524923 0.00071130
5.76869735 -0.00058755
5.77214546 0.00070747
5.77559358 -0.00058451
5.77904169 0.00070540
5.78248981 -0.00058067
5.78593792 0.00070260
5.78938604 -0.00057828
5.79283416 0.00069964
5.79628227 -0.00057691
5.79973039 0.00069475
5.80317850 -0.00057576
5.80662662 0.00069108
5.81007473 -0.00057320
5.81352285 0.00068881
5.81697096 -0.00056945
5.82041908 0.00068690
5.82386720 -0.00056491
5.82731531 0.00068390
5.83076343 -0.00056215
5.83421154 0.00067983
5.83765966 -0.00055954
5.84110777 0.00067632
5.84455589 -0.00055694
5.84800400 0.00067429
5.85145212 -0.00055219
5.85490024 0.00067276
5.85834835 -0.00054713
5.86179647 0.00067135
5.86524458 -0.00054301
5.86869270 0.00066879
5.87214081 -0.00054035
5.87558893 0.00066361
5.87903704 -0.00053930
5.88248516 0.00065832
5.88593328 -0.00053736
5.88938139 0.00065340
5.89282951 -0.00053322
5.89627762 0.00065270
5.89972574 -0.00052722
5.90317385 0.00065183
5.90662197 -0.00052162
5.91007008 0.00064999
5.91351820 -0.00051859
5.91696632 0.00064565
5.92041443 -0.00051780
5.92386255 0.00064000
5.92731066 -0.00051708
5.93075878 0.00063459
5.93420689 -0.00051581
5.93765501 0.00062890
5.94110312 -0.00051391
5.94455124 0.00062421
5.94799936 -0.00051231
5.95144747 0.00061949
5.95489559 -0.00051037
5.95834370 0.00061514
5.96179182 -0.00050694
5.96523993 0.00061254
5.96868805 -0.00050267
5.97213616 0.00061086
5.97558428 -0.00049896
5.97903240 0.00060745
5.98248051 -0.00049771
5.98592863 0.00060110
5.98937674 -0.00049805
5.99282486 0.00059468
5.99627297 -0.00049704
5.99972109 0.00059094
6.00316920 -0.00049229
6.00661732 0.00059015
6.01006544 -0.00048518
6.01351355 0.00058993
6.01696167 -0.00047887
6.02040978 0.00058885
6.02385790 -0.00047457
6.02730601 0.00058652
6.03075413 -0.00047175
6.03420225 0.00058343
6.03765036 -0.00046813
6.04109848 0.00058018
6.04454659 -0.00046512
6.04799471 0.00057627
6.05144282 -0.00046333
6.05489094 0.00057103
6.05833905 -0.00046364
6.06178717 0.00056414
6.06523529 -0.00046332
6.06868340 0.00055917
6.07213152 -0.00045969
6.07557963 0.00055752
6.07902775 -0.00045249
6.08247586 0.00055912
6.08592398 -0.00044433
6.08937209 0.00055914
6.09282021 -0.00043935
6.09626833 0.00055497
6.09971644 -0.00043865
6.10316456 0.00054824
6.10661267 -0.00044038
6.11006079 0.00054059
6.11350890 -0.00044120
6.11695702 0.00053439
6.12040513 -0.00043967
6.12385325 0.00052991
6.12730137 -0.00043557
6.13074948 0.00052788
6.13419760 -0.00042980
6.13764571 0.00052709
6.14109383 -0.00042424
6.14454194 0.00052508
6.14799006 -0.00042015
6.15143817 0.00052099
6.15488629 -0.00041794
6.15833441 0.00051648
6.16178252 -0.00041662
6.16523064 0.00051147
6.16867875 -0.00041497
6.17212687 0.00050686
6.17557498 -0.00041264
6.17902310 0.00050258
6.18247121 -0.00040965
6.18591933 0.00049873
6.18936745 -0.00040584
6.19281556 0.00049549
6.19626368 -0.00040205
6.19971179 0.00049213
6.20315991 -0.00039792
6.20660802 0.00048986
6.21005614 -0.00039423
6.21350425 0.00048628
6.21695237 -0.00039222
6.22040049 0.00048085
6.22384860 -0.00039143
6.22729672 0.00047446
6.23074483 -0.00039013
6.23419295 0.00046929
6.23764106 -0.00038637
6.24108918 0.00046665
6.24453729 -0.00038157
6.24798541 0.00046402
6.25143353 -0.00037700
6.25488164 0.00046047
6.25832976 -0.00037342
6.26177787 0.00045591
6.26522599 -0.00037050
6.26867410 0.00045131
6.27212222 -0.00036841
6.27557033 0.00044579
6.27901845 -0.00036771
6.28246657 0.00043934
6.28591468 -0.00036649
6.28936280 0.00043335
6.29281091 -0.00036347
6.29625903 0.00043078
6.29970714 -0.00035601
6.30315526 0.00043026
6.30660337 -0.00034761
6.31005149 0.00043009
6.31349961 -0.00034056
6.31694772 0.00042748
6.32039584 -0.00033745
6.32384395 0.00042206
6.32729207 -0.00033654
6.33074018 0.00041514
6.33418830 -0.00033720
6.33763642 0.00040673
6.34108453 -0.00033716
6.34453265 0.00040012
6.34798076 -0.00033504
6.35142888 0.00039544
6.35487699 -0.00032957
6.35832511 0.00039363
6.36177322 -0.00032236
6.36522134 0.00039218
6.36866946 -0.00031633
6.37211757 0.00038965
6.37556569 -0.00031183
6.37901380 0.00038476
6.38246192 -0.00030974
6.38591003 0.00037835
6.38935815 -0.00030816
6.39280626 0.00037096
6.39625438 -0.00030784
6.39970250 0.00036454
6.40315061 -0.00030580
6.40659873 0.00035908
6.41004684 -0.00030092
6.41349496 0.00035628
6.41694307 -0.00029366
6.42039119 0.00035511
6.42383930 -0.00028690
6.42728742 0.00035253
6.43073554 -0.00028328
6.43418365 0.00034673
6.43763177 -0.00028137
6.44107988 0.00033891
6.44452800 -0.00027816
6.44797611 0.00033486
6.45142423 -0.00027180
6.45487234 0.00033336
6.45832046 -0.00026529
6.46176858 0.00033048
6.46521669 -0.00026235
6.46866481 0.00032306
6.47211292 -0.00026325
6.47556104 0.00031333
6.47900915 -0.00026380
6.48245727 0.00030767
6.48590538 -0.00025837
6.48935350 0.00030651
6.49280162 -0.00024786
6.49624973 0.00030837
6.49969785 -0.00023681
6.50314596 0.00030788
6.50659408 -0.00023190
6.51004219 0.00030137
6.51349031 -0.00023312
6.51693842 0.00029083
6.52038654 -0.00023649
6.52383466 0.00028037
6.52728277 -0.00023650
6.53073089 0.00027433
6.53417900 -0.00023117
6.53762712 0.00027304
6.54107523 -0.00022211
6.54452335 0.00027310
6.54797146 -0.00021328
6.55141958 0.00027071
6.55486770 -0.00020836
6.55831581 0.00026513
6.56176393 -0.00020684
6.56521204 0.00025710
6.56866016 -0.00020581
6.57210827 0.00025136
6.57555639 -0.00020251
6.57900450 0.00024722
6.58245262 -0.00019725
6.58590074 0.00024396
6.58934885 -0.00019241
6.59279697 0.00023947
6.59624508 -0.00018869
6.59969320 0.00023299
6.60314131 -0.00018587
6.60658943 0.00022723
6.61003755 -0.00018249
6.61348566 0.00022229
6.61693378 -0.00017821
6.62038189 0.00021843
6.62383001 -0.00017331
6.62727812 0.00021495
6.63072624 -0.00016848
6.63417435 0.00021135
6.63762247 -0.00016368
6.64107059 0.00020749
6.64451870 -0.00016016
6.64796682 0.00020022
6.65141493 -0.00015974
6.65486305 0.00019107
6.65831116 -0.00016047
6.66175928 0.00018127
6.66520739 -0.00015892
6.66865551 0.00017617
6.67210363 -0.00015213
6.67555174 0.00017506
6.67899986 -0.00014380
6.68244797 0.00017394
6.68589609 -0.00013734
6.68934420 0.00016942
6.69279232 -0.00013548
6.69624043 0.00016075
6.69968855 -0.00013467
6.70313667 0.00015331
6.70658478 -0.00013221
6.71003290 0.00014899
6.71348101 -0.00012496
6.71692913 0.00014798
6.72037724 -0.00011583
6.72382536 0.00014691
6.72727347 -0.00010710
6.73072159 0.00014428
6.73416971 -0.00010178
6.73761782 0.00013776
6.74106594 -0.00010036
6.74451405 0.00012923
6.74796217 -0.00010059
6.75141028 0.00011997
6.75485840 -0.00009942
6.75830651 0.00011373
6.76175463 -0.00009479
6.76520275 0.00011002
6.76865086 -0.00008902
6.77209898 0.00010579
6.77554709 -0.00008299
6.77899521 0.00010081
6.78244332 -0.00007796
6.78589144 0.00009470
6.78933955 -0.00007257
6.79278767 0.00008974
6.79623579 -0.00006842
6.79968390 0.00008413
6.80313202 -0.00006456
6.80658013 0.00007800
6.81002825 -0.00005986
6.81347636 0.00007332
6.81692448 -0.00005402
6.82037259 0.00006918
6.82382071 -0.00004811
6.82726883 0.00006435
6.83071694 -0.00004428
6.83416506 0.00005574
6.83761317 -0.00004149
6.84106129 0.00004707
6.84450940 -0.00003759
6.84795752 0.00004176
6.85140563 -0.00002996
6.85485375 0.00003970
6.85830187 -0.00002147
6.86174998 0.00003660
6.86519810 -0.00001621
6.86864621 0.00002851
6.87209433 -0.00002143
6.87554244 0.00001885
6.87899056 -0.00003439
6.88243867 0.00000501
6.88588679 -0.00004632
6.88933491 -0.00000458
6.89278302 -0.00005158
