# Energy(eV)  Abs(norm)
0.00000000 0.00000000
0.00344812 0.01374344
0.00689623 0.05096867
0.01034435 0.10061226
0.01379246 0.15123418
0.01724058 0.19364237
0.02068869 0.22287384
0.02413681 0.21442089
0.02758492 0.25083498
0.03103304 0.23393974
0.03448116 0.23667370
0.03792927 0.24246285
0.04137739 0.24838315
0.04482550 0.24363558
0.04827362 0.24393019
0.05172173 0.23122739
0.05516985 0.22026642
0.05861796 0.19844547
0.06206608 0.17925178
0.06551420 0.15352937
0.06896231 0.13199458
0.07241043 0.11158429
0.07585854 0.09631883
0.07930666 0.08114946
0.08275477 0.07142438
0.08620289 0.06155549
0.08965100 0.05371691
0.09309912 0.04620578
0.09654724 0.03936970
0.09999535 0.03688856
0.10344347 0.03266718
0.10689158 0.03254266
0.11033970 0.03083674
0.11378781 0.03131023
0.11723593 0.03061117
0.12068404 0.03066939
0.12413216 0.03025824
0.12758028 0.03061646
0.13102839 0.03013853
0.13447651 0.03076243
0.13792462 0.02988949
0.14137274 0.03067321
0.14482085 0.02999040
0.14826897 0.03091273
0.15171709 0.03096459
0.15516520 0.03214458
0.15861332 0.03486319
0.16206143 0.04536679
0.16550955 0.06241615
0.16895766 0.08781217
0.17240578 0.13061010
0.17585389 0.18386562
0.17930201 0.24035838
0.18275013 0.28782255
0.18619824 0.31814412
0.18964636 0.32255694
0.19309447 0.30202104
0.19654259 0.25673913
0.19999070 0.19803540
0.20343882 0.13532068
0.20688693 0.08559906
0.21033505 0.05220277
0.21378317 0.03109225
0.21723128 0.01506395
0.22067940 0.01661466
0.22412751 0.01311765
0.22757563 0.01661875
0.23102374 0.01343236
0.23447186 0.01635807
0.23791997 0.01316796
0.24136809 0.01644849
0.24481621 0.01269354
0.24826432 0.01652117
0.25171244 0.01222416
0.25516055 0.01612584
0.25860867 0.01166836
0.26205678 0.01573742
0.26550490 0.01078764
0.26895301 0.01547055
0.27240113 0.01002487
0.27584925 0.01526719
0.27929736 0.00962707
0.28274548 0.01533382
0.28619359 0.00938452
0.28964171 0.01564819
0.29308982 0.00975191
0.29653794 0.01674559
0.29998605 0.01078204
0.30343417 0.01860075
0.30688229 0.01241931
0.31033040 0.02059438
0.31377852 0.01393224
0.31722663 0.02255178
0.32067475 0.01522685
0.32412286 0.02446464
0.32757098 0.01714122
0.33101909 0.02697501
0.33446721 0.02008429
0.33791533 0.03124520
0.34136344 0.02449898
0.34481156 0.03815660
0.34825967 0.03365836
0.35170779 0.05132551
0.35515590 0.05105826
0.35860402 0.07617215
0.36205213 0.08446566
0.36550025 0.11878745
0.36894837 0.13537755
0.37239648 0.17734233
0.37584460 0.19971682
0.37929271 0.24172376
0.38274083 0.25718868
0.38618894 0.28308908
0.38963706 0.27657177
0.39308517 0.27772922
0.39653329 0.24466895
0.39998141 0.22165229
0.40342952 0.17190458
0.40687764 0.14312835
0.41032575 0.09640938
0.41377387 0.07740056
0.41722198 0.04381721
0.42067010 0.03929147
0.42411821 0.02020043
0.42756633 0.02685945
0.43101445 0.01644776
0.43446256 0.02858235
0.43791068 0.02380738
0.44135879 0.03942963
0.44480691 0.03753377
0.44825502 0.05529510
0.45170314 0.05575408
0.45515126 0.07446164
0.45859937 0.07647160
0.46204749 0.09553002
0.46549560 0.09966598
0.46894372 0.12405688
0.47239183 0.13771306
0.47583995 0.18267626
0.47928806 0.22583678
0.48273618 0.30919369
0.48618430 0.40280851
0.48963241 0.53416800
0.49308053 0.66416831
0.49652864 0.80346282
0.49997676 0.91050799
0.50342487 0.98790741
0.50687299 1.00000000
0.51032110 0.96294087
0.51376922 0.86063352
0.51721734 0.72998707
0.52066545 0.56804776
0.52411357 0.42171923
0.52756168 0.27755045
0.53100980 0.17402758
0.53445791 0.09003098
0.53790603 0.04499706
0.54135414 0.01004288
0.54480226 -0.00239725
0.54825038 -0.01253268
0.55169849 -0.01384143
0.55514661 -0.01862756
0.55859472 -0.01672517
0.56204284 -0.02110410
0.56549095 -0.01759946
0.56893907 -0.02215907
0.57238718 -0.01712946
0.57583530 -0.02072926
0.57928342 -0.01585030
0.58273153 -0.01974742
0.58617965 -0.01430183
0.58962776 -0.01893098
0.59307588 -0.01336241
0.59652399 -0.01808683
0.59997211 -0.01247513
0.60342022 -0.01657865
0.60686834 -0.01118766
0.61031646 -0.01506189
0.61376457 -0.00995287
0.61721269 -0.01385725
0.62066080 -0.00901202
0.62410892 -0.01301672
0.62755703 -0.00826992
0.63100515 -0.01229172
0.63445326 -0.00759816
0.63790138 -0.01159375
0.64134950 -0.00708724
0.64479761 -0.01145017
0.64824573 -0.00696805
0.65169384 -0.01142302
0.65514196 -0.00714520
0.65859007 -0.01153775
0.66203819 -0.00735504
0.66548630 -0.01142788
0.66893442 -0.00742207
0.67238254 -0.01122262
0.67583065 -0.00726342
0.67927877 -0.01102376
0.68272688 -0.00702412
0.68617500 -0.01068042
0.68962311 -0.00676168
0.69307123 -0.01039233
0.69651934 -0.00642336
0.69996746 -0.01005698
0.70341558 -0.00615644
0.70686369 -0.00983359
0.71031181 -0.00603793
0.71375992 -0.00965325
0.71720804 -0.00598598
0.72065615 -0.00946562
0.72410427 -0.00584556
0.72755238 -0.00923975
0.73100050 -0.00560968
0.73444862 -0.00892946
0.73789673 -0.00543515
0.74134485 -0.00872411
0.74479296 -0.00535351
0.74824108 -0.00856244
0.75168919 -0.00529128
0.75513731 -0.00839447
0.75858543 -0.00514285
0.76203354 -0.00813072
0.76548166 -0.00490133
0.76892977 -0.00779748
0.77237789 -0.00465328
0.77582600 -0.00745047
0.77927412 -0.00441548
0.78272223 -0.00720925
0.78617035 -0.00416075
0.78961847 -0.00688252
0.79306658 -0.00387484
0.79651470 -0.00642907
0.79996281 -0.00345624
0.80341093 -0.00580713
0.80685904 -0.00300159
0.81030716 -0.00502917
0.81375527 -0.00233080
0.81720339 -0.00405451
0.82065151 -0.00108545
0.82409962 -0.00250993
0.82754774 0.00060938
0.83099585 -0.00081162
0.83444397 0.00201288
0.83789208 0.00018127
0.84134020 0.00252755
0.84478831 0.00024088
0.84823643 0.00229624
0.85168455 -0.00019565
0.85513266 0.00192534
0.85858078 -0.00028848
0.86202889 0.00167008
0.86547701 -0.00020576
0.86892512 0.00156659
0.87237324 -0.00036456
0.87582135 0.00160902
0.87926947 -0.00051469
0.88271759 0.00157590
0.88616570 -0.00067224
0.88961382 0.00141132
0.89306193 -0.00102020
0.89651005 0.00090123
0.89995816 -0.00172427
0.90340628 0.00011785
0.90685439 -0.00260589
0.91030251 -0.00069711
0.91375063 -0.00312419
0.91719874 -0.00121737
0.92064686 -0.00338483
0.92409497 -0.00134537
0.92754309 -0.00356761
0.93099120 -0.00135253
0.93443932 -0.00374474
0.93788743 -0.00149127
0.94133555 -0.00392651
0.94478367 -0.00172502
0.94823178 -0.00412910
0.95167990 -0.00208937
0.95512801 -0.00443193
0.95857613 -0.00246007
0.96202424 -0.00474488
0.96547236 -0.00272675
0.96892047 -0.00496018
0.97236859 -0.00291679
0.97581671 -0.00506338
0.97926482 -0.00301552
0.98271294 -0.00511743
0.98616105 -0.00305831
0.98960917 -0.00510125
0.99305728 -0.00304869
0.99650540 -0.00501630
0.99995351 -0.00302929
1.00340163 -0.00495240
1.00684975 -0.00296456
1.01029786 -0.00495743
1.01374598 -0.00290611
1.01719409 -0.00492163
1.02064221 -0.00283621
1.02409032 -0.00485941
1.02753844 -0.00279163
1.03098656 -0.00481442
1.03443467 -0.00276358
1.03788279 -0.00481248
1.04133090 -0.00274938
1.04477902 -0.00481426
1.04822713 -0.00272588
1.05167525 -0.00476542
1.05512336 -0.00269386
1.05857148 -0.00473223
1.06201960 -0.00266037
1.06546771 -0.00473787
1.06891583 -0.00265103
1.07236394 -0.00475105
1.07581206 -0.00263308
1.07926017 -0.00472888
1.08270829 -0.00257440
1.08615640 -0.00465275
1.08960452 -0.00250103
1.09305264 -0.00458500
1.09650075 -0.00244247
1.09994887 -0.00455781
1.10339698 -0.00241952
1.10684510 -0.00453755
1.11029321 -0.00240745
1.11374133 -0.00451221
1.11718944 -0.00236882
1.12063756 -0.00446407
1.12408568 -0.00231999
1.12753379 -0.00441124
1.13098191 -0.00227663
1.13443002 -0.00437668
1.13787814 -0.00224695
1.14132625 -0.00435158
1.14477437 -0.00221477
1.14822248 -0.00432286
1.15167060 -0.00218012
1.15511872 -0.00428784
1.15856683 -0.00215016
1.16201495 -0.00426724
1.16546306 -0.00212877
1.16891118 -0.00426239
1.17235929 -0.00211658
1.17580741 -0.00425236
1.17925552 -0.00210259
1.18270364 -0.00422986
1.18615176 -0.00208849
1.18959987 -0.00422099
1.19304799 -0.00207589
1.19649610 -0.00424105
1.19994422 -0.00207082
1.20339233 -0.00425984
1.20684045 -0.00206437
1.21028856 -0.00425782
1.21373668 -0.00201872
1.21718480 -0.00420664
1.22063291 -0.00192802
1.22408103 -0.00412515
1.22752914 -0.00183761
1.23097726 -0.00406068
1.23442537 -0.00179951
1.23787349 -0.00405173
1.24132160 -0.00182165
1.24476972 -0.00410635
1.24821784 -0.00184322
1.25166595 -0.00414860
1.25511407 -0.00182671
1.25856218 -0.00414710
1.26201030 -0.00179521
1.26545841 -0.00413005
1.26890653 -0.00177658
1.27235464 -0.00413945
1.27580276 -0.00179180
1.27925088 -0.00415941
1.28269899 -0.00179490
1.28614711 -0.00413597
1.28959522 -0.00175583
1.29304334 -0.00406761
1.29649145 -0.00166607
1.29993957 -0.00398375
1.30338768 -0.00156666
1.30683580 -0.00392636
1.31028392 -0.00152016
1.31373203 -0.00391389
1.31718015 -0.00154006
1.32062826 -0.00393189
1.32407638 -0.00157068
1.32752449 -0.00394878
1.33097261 -0.00155878
1.33442073 -0.00390320
1.33786884 -0.00153203
1.34131696 -0.00383690
1.34476507 -0.00149122
1.34821319 -0.00379978
1.35166130 -0.00145910
1.35510942 -0.00379759
1.35855753 -0.00143604
1.36200565 -0.00381217
1.36545377 -0.00145102
1.36890188 -0.00382186
1.37235000 -0.00149731
1.37579811 -0.00385824
1.37924623 -0.00151515
1.38269434 -0.00385415
1.38614246 -0.00151143
1.38959057 -0.00380735
1.39303869 -0.00147085
1.39648681 -0.00374414
1.39993492 -0.00141971
1.40338304 -0.00372650
1.40683115 -0.00138567
1.41027927 -0.00373309
1.41372738 -0.00139437
1.41717550 -0.00373978
1.42062361 -0.00141867
1.42407173 -0.00374883
1.42751985 -0.00142591
1.43096796 -0.00373531
1.43441608 -0.00141414
1.43786419 -0.00371797
1.44131231 -0.00138744
1.44476042 -0.00368770
1.44820854 -0.00136887
1.45165665 -0.00367517
1.45510477 -0.00134749
1.45855289 -0.00366751
1.46200100 -0.00134054
1.46544912 -0.00365585
1.46889723 -0.00133782
1.47234535 -0.00364651
1.47579346 -0.00133584
1.47924158 -0.00363815
1.48268969 -0.00133132
1.48613781 -0.00362670
1.48958593 -0.00132197
1.49303404 -0.00361184
1.49648216 -0.00131030
1.49993027 -0.00359787
1.50337839 -0.00130078
1.50682650 -0.00358972
1.51027462 -0.00129475
1.51372273 -0.00358455
1.51717085 -0.00129032
1.52061897 -0.00357545
1.52406708 -0.00128243
1.52751520 -0.00356345
1.53096331 -0.00127046
1.53441143 -0.00354935
1.53785954 -0.00125971
1.54130766 -0.00353738
1.54475577 -0.00125147
1.54820389 -0.00352853
1.55165201 -0.00124470
1.55510012 -0.00351983
1.55854824 -0.00123805
1.56199635 -0.00351193
1.56544447 -0.00123242
1.56889258 -0.00350453
1.57234070 -0.00122623
1.57578881 -0.00349631
1.57923693 -0.00121771
1.58268505 -0.00348670
1.58613316 -0.00120799
1.58958128 -0.00347447
1.59302939 -0.00120014
1.59647751 -0.00346261
1.59992562 -0.00119423
1.60337374 -0.00345367
1.60682185 -0.00118604
1.61026997 -0.00344312
1.61371809 -0.00117648
1.61716620 -0.00343314
1.62061432 -0.00116753
1.62406243 -0.00342383
1.62751055 -0.00116109
1.63095866 -0.00341711
1.63440678 -0.00115357
1.63785490 -0.00340575
1.64130301 -0.00114411
1.64475113 -0.00339075
1.64819924 -0.00113431
1.65164736 -0.00337694
1.65509547 -0.00112739
1.65854359 -0.00337069
1.66199170 -0.00112373
1.66543982 -0.00336574
1.66888794 -0.00111734
1.67233605 -0.00335869
1.67578417 -0.00111036
1.67923228 -0.00335120
1.68268040 -0.00110291
1.68612851 -0.00334580
1.68957663 -0.00110094
1.69302474 -0.00334321
1.69647286 -0.00109830
1.69992098 -0.00333835
1.70336909 -0.00109430
1.70681721 -0.00333229
1.71026532 -0.00108787
1.71371344 -0.00332471
1.71716155 -0.00108364
1.72060967 -0.00332116
1.72405778 -0.00108177
1.72750590 -0.00331942
1.73095402 -0.00108030
1.73440213 -0.00331853
1.73785025 -0.00107610
1.74129836 -0.00331199
1.74474648 -0.00106499
1.74819459 -0.00330198
1.75164271 -0.00105215
1.75509082 -0.00329177
1.75853894 -0.00104268
1.76198706 -0.00328463
1.76543517 -0.00104000
1.76888329 -0.00328380
1.77233140 -0.00104250
1.77577952 -0.00328070
1.77922763 -0.00104336
1.78267575 -0.00327610
1.78612386 -0.00103534
1.78957198 -0.00326541
1.79302010 -0.00102167
1.79646821 -0.00325082
1.79991633 -0.00100719
1.80336444 -0.00324133
1.80681256 -0.00099959
1.81026067 -0.00323414
1.81370879 -0.00099859
1.81715690 -0.00323483
1.82060502 -0.00099805
1.82405314 -0.00322932
1.82750125 -0.00099630
1.83094937 -0.00322064
1.83439748 -0.00098616
1.83784560 -0.00321034
1.84129371 -0.00097523
1.84474183 -0.00320106
1.84818994 -0.00096921
1.85163806 -0.00319764
1.85508618 -0.00096807
1.85853429 -0.00319533
1.86198241 -0.00096946
1.86543052 -0.00319360
1.86887864 -0.00096624
1.87232675 -0.00318854
1.87577487 -0.00096097
1.87922298 -0.00318333
1.88267110 -0.00095428
1.88611922 -0.00317800
1.88956733 -0.00095037
1.89301545 -0.00317503
1.89646356 -0.00094626
1.89991168 -0.00317096
1.90335979 -0.00094341
1.90680791 -0.00316570
1.91025603 -0.00093926
1.91370414 -0.00316030
1.91715226 -0.00093505
1.92060037 -0.00315522
1.92404849 -0.00093115
1.92749660 -0.00315155
1.93094472 -0.00092672
1.93439283 -0.00314616
1.93784095 -0.00092192
1.94128907 -0.00313978
1.94473718 -0.00091515
1.94818530 -0.00313265
1.95163341 -0.00090872
1.95508153 -0.00312656
1.95852964 -0.00090439
1.96197776 -0.00312270
1.96542587 -0.00090113
1.96887399 -0.00311894
1.97232211 -0.00089861
1.97577022 -0.00311494
1.97921834 -0.00089525
1.98266645 -0.00311130
1.98611457 -0.00089294
1.98956268 -0.00310837
1.99301080 -0.00089062
1.99645891 -0.00310556
1.99990703 -0.00088710
2.00335515 -0.00310103
2.00680326 -0.00088253
2.01025138 -0.00309518
2.01369949 -0.00087813
2.01714761 -0.00309048
2.02059572 -0.00087518
2.02404384 -0.00308658
2.02749195 -0.00087289
2.03094007 -0.00308408
2.03438819 -0.00086926
2.03783630 -0.00307967
2.04128442 -0.00086452
2.04473253 -0.00307393
2.04818065 -0.00085847
2.05162876 -0.00306721
2.05507688 -0.00085283
2.05852499 -0.00306104
2.06197311 -0.00084866
2.06542123 -0.00305627
2.06886934 -0.00084601
2.07231746 -0.00305290
2.07576557 -0.00084459
2.07921369 -0.00305086
2.08266180 -0.00084263
2.08610992 -0.00304949
2.08955803 -0.00084144
2.09300615 -0.00304805
2.09645427 -0.00083985
2.09990238 -0.00304575
2.10335050 -0.00083785
2.10679861 -0.00304170
2.11024673 -0.00083408
2.11369484 -0.00303573
2.11714296 -0.00082896
2.12059107 -0.00302907
2.12403919 -0.00082321
2.12748731 -0.00302261
2.13093542 -0.00081712
2.13438354 -0.00301666
2.13783165 -0.00081182
2.14127977 -0.00301131
2.14472788 -0.00080773
2.14817600 -0.00300799
2.15162411 -0.00080606
2.15507223 -0.00300575
2.15852035 -0.00080503
2.16196846 -0.00300337
2.16541658 -0.00080295
2.16886469 -0.00300004
2.17231281 -0.00079973
2.17576092 -0.00299601
2.17920904 -0.00079675
2.18265715 -0.00299324
2.18610527 -0.00079514
2.18955339 -0.00299085
2.19300150 -0.00079362
2.19644962 -0.00298809
2.19989773 -0.00079124
2.20334585 -0.00298440
2.20679396 -0.00078758
2.21024208 -0.00297995
2.21369020 -0.00078347
2.21713831 -0.00297609
2.22058643 -0.00077944
2.22403454 -0.00297260
2.22748266 -0.00077696
2.23093077 -0.00296971
2.23437889 -0.00077525
2.23782700 -0.00296717
2.24127512 -0.00077338
2.24472324 -0.00296409
2.24817135 -0.00077085
2.25161947 -0.00296058
2.25506758 -0.00076735
2.25851570 -0.00295674
2.26196381 -0.00076440
2.26541193 -0.00295408
2.26886004 -0.00076171
2.27230816 -0.00295173
2.27575628 -0.00075950
2.27920439 -0.00294880
2.28265251 -0.00075727
2.28610062 -0.00294454
2.28954874 -0.00075392
2.29299685 -0.00293952
2.29644497 -0.00074950
2.29989308 -0.00293431
2.30334120 -0.00074538
2.30678932 -0.00292979
2.31023743 -0.00074210
2.31368555 -0.00292713
2.31713366 -0.00074017
2.32058178 -0.00292529
2.32402989 -0.00073947
2.32747801 -0.00292343
2.33092612 -0.00073861
2.33437424 -0.00292105
2.33782236 -0.00073740
2.34127047 -0.00291802
2.34471859 -0.00073543
2.34816670 -0.00291540
2.35161482 -0.00073343
2.35506293 -0.00291276
2.35851105 -0.00073155
2.36195916 -0.00291054
2.36540728 -0.00072918
2.36885540 -0.00290770
2.37230351 -0.00072637
2.37575163 -0.00290379
2.37919974 -0.00072391
2.38264786 -0.00290012
2.38609597 -0.00072152
2.38954409 -0.00289706
2.39299220 -0.00071921
2.39644032 -0.00289376
2.39988844 -0.00071577
2.40333655 -0.00288960
2.40678467 -0.00071217
2.41023278 -0.00288556
2.41368090 -0.00070956
2.41712901 -0.00288282
2.42057713 -0.00070830
2.42402524 -0.00288098
2.42747336 -0.00070730
2.43092148 -0.00287866
2.43436959 -0.00070529
2.43781771 -0.00287527
2.44126582 -0.00070260
2.44471394 -0.00287192
2.44816205 -0.00069986
2.45161017 -0.00286893
2.45505828 -0.00069814
2.45850640 -0.00286661
2.46195452 -0.00069743
2.46540263 -0.00286529
2.46885075 -0.00069738
2.47229886 -0.00286376
2.47574698 -0.00069699
2.47919509 -0.00286201
2.48264321 -0.00069540
2.48609132 -0.00285846
2.48953944 -0.00069291
2.49298756 -0.00285435
2.49643567 -0.00068956
2.49988379 -0.00285007
2.50333190 -0.00068678
2.50678002 -0.00284584
2.51022813 -0.00068439
2.51367625 -0.00284292
2.51712437 -0.00068261
2.52057248 -0.00284032
2.52402060 -0.00068117
2.52746871 -0.00283750
2.53091683 -0.00067936
2.53436494 -0.00283349
2.53781306 -0.00067619
2.54126117 -0.00282885
2.54470929 -0.00067265
2.54815741 -0.00282514
2.55160552 -0.00067041
2.55505364 -0.00282234
2.55850175 -0.00066977
2.56194987 -0.00282118
2.56539798 -0.00066904
2.56884610 -0.00281943
2.57229421 -0.00066831
2.57574233 -0.00281707
2.57919045 -0.00066717
2.58263856 -0.00281433
2.58608668 -0.00066518
2.58953479 -0.00281201
2.59298291 -0.00066311
2.59643102 -0.00280966
2.59987914 -0.00066167
2.60332725 -0.00280857
2.60677537 -0.00066113
2.61022349 -0.00280783
2.61367160 -0.00066071
2.61711972 -0.00280618
2.62056783 -0.00065955
2.62401595 -0.00280307
2.62746406 -0.00065714
2.63091218 -0.00279921
2.63436029 -0.00065395
2.63780841 -0.00279590
2.64125653 -0.00065050
2.64470464 -0.00279220
2.64815276 -0.00064848
2.65160087 -0.00278976
2.65504899 -0.00064651
2.65849710 -0.00278747
2.66194522 -0.00064529
2.66539333 -0.00278444
2.66884145 -0.00064327
2.67228957 -0.00278124
2.67573768 -0.00064085
2.67918580 -0.00277821
2.68263391 -0.00063931
2.68608203 -0.00277655
2.68953014 -0.00063832
2.69297826 -0.00277524
2.69642637 -0.00063797
2.69987449 -0.00277378
2.70332261 -0.00063703
2.70677072 -0.00277189
2.71021884 -0.00063587
2.71366695 -0.00276911
2.71711507 -0.00063404
2.72056318 -0.00276607
2.72401130 -0.00063228
2.72745941 -0.00276318
2.73090753 -0.00063104
2.73435565 -0.00276103
2.73780376 -0.00062995
2.74125188 -0.00275901
2.74469999 -0.00062803
2.74814811 -0.00275577
2.75159622 -0.00062517
2.75504434 -0.00275207
2.75849245 -0.00062249
2.76194057 -0.00274939
2.76538869 -0.00062093
2.76883680 -0.00274793
2.77228492 -0.00062089
2.77573303 -0.00274686
2.77918115 -0.00062074
2.78262926 -0.00274467
2.78607738 -0.00061963
2.78952549 -0.00274178
2.79297361 -0.00061701
2.79642173 -0.00273799
2.79986984 -0.00061416
2.80331796 -0.00273429
2.80676607 -0.00061188
2.81021419 -0.00273221
2.81366230 -0.00061098
2.81711042 -0.00273140
2.82055854 -0.00061180
2.82400665 -0.00273204
2.82745477 -0.00061266
2.83090288 -0.00273102
2.83435100 -0.00061255
2.83779911 -0.00272776
2.84124723 -0.00060934
2.84469534 -0.00272300
2.84814346 -0.00060539
2.85159158 -0.00271836
2.85503969 -0.00060262
2.85848781 -0.00271609
2.86193592 -0.00060138
2.86538404 -0.00271419
2.86883215 -0.00060101
2.87228027 -0.00271200
2.87572838 -0.00059973
2.87917650 -0.00270859
2.88262462 -0.00059801
2.88607273 -0.00270562
2.88952085 -0.00059636
2.89296896 -0.00270304
2.89641708 -0.00059497
2.89986519 -0.00270058
2.90331331 -0.00059333
2.90676142 -0.00269771
2.91020954 -0.00059119
2.91365766 -0.00269454
2.91710577 -0.00058900
2.92055389 -0.00269142
2.92400200 -0.00058769
2.92745012 -0.00268900
2.93089823 -0.00058721
2.93434635 -0.00268804
2.93779446 -0.00058776
2.94124258 -0.00268816
2.94469070 -0.00058957
2.94813881 -0.00268865
2.95158693 -0.00059060
2.95503504 -0.00268760
2.95848316 -0.00058993
2.96193127 -0.00268437
2.96537939 -0.00058671
2.96882750 -0.00267961
2.97227562 -0.00058299
2.97572374 -0.00267507
2.97917185 -0.00057990
2.98261997 -0.00267159
2.98606808 -0.00057805
2.98951620 -0.00266869
2.99296431 -0.00057653
2.99641243 -0.00266644
2.99986054 -0.00057520
3.00330866 -0.00266444
3.00675678 -0.00057417
3.01020489 -0.00266299
3.01365301 -0.00057365
3.01710112 -0.00266153
3.02054924 -0.00057352
3.02399735 -0.00265990
3.02744547 -0.00057284
3.03089358 -0.00265747
3.03434170 -0.00057120
3.03778982 -0.00265368
3.04123793 -0.00056838
3.04468605 -0.00264937
3.04813416 -0.00056510
3.05158228 -0.00264568
3.05503039 -0.00056237
3.05847851 -0.00264324
3.06192662 -0.00056076
3.06537474 -0.00264081
3.06882286 -0.00056004
3.07227097 -0.00263873
3.07571909 -0.00055963
3.07916720 -0.00263688
3.08261532 -0.00055944
3.08606343 -0.00263541
3.08951155 -0.00055900
3.09295967 -0.00263316
3.09640778 -0.00055744
3.09985590 -0.00262984
3.10330401 -0.00055530
3.10675213 -0.00262681
3.11020024 -0.00055392
3.11364836 -0.00262479
3.11709647 -0.00055425
3.12054459 -0.00262384
3.12399271 -0.00055520
3.12744082 -0.00262222
3.13088894 -0.00055528
3.13433705 -0.00262008
3.13778517 -0.00055381
3.14123328 -0.00261741
3.14468140 -0.00055161
3.14812951 -0.00261470
3.15157763 -0.00054989
3.15502575 -0.00261207
3.15847386 -0.00054911
3.16192198 -0.00261019
3.16537009 -0.00054896
3.16881821 -0.00260861
3.17226632 -0.00054873
3.17571444 -0.00260606
3.17916255 -0.00054719
3.18261067 -0.00260258
3.18605879 -0.00054536
3.18950690 -0.00259911
3.19295502 -0.00054383
3.19640313 -0.00259731
3.19985125 -0.00054331
3.20329936 -0.00259611
3.20674748 -0.00054324
3.21019559 -0.00259440
3.21364371 -0.00054241
3.21709183 -0.00259125
3.22053994 -0.00054097
3.22398806 -0.00258800
3.22743617 -0.00053844
3.23088429 -0.00258520
3.23433240 -0.00053736
3.23778052 -0.00258295
3.24122863 -0.00053732
3.24467675 -0.00258177
3.24812487 -0.00053764
3.25157298 -0.00258093
3.25502110 -0.00053814
3.25846921 -0.00258001
3.26191733 -0.00053821
3.26536544 -0.00257780
3.26881356 -0.00053858
3.27226167 -0.00257557
3.27570979 -0.00053675
3.27915791 -0.00257289
3.28260602 -0.00053487
3.28605414 -0.00256987
3.28950225 -0.00053304
3.29295037 -0.00256679
3.29639848 -0.00053175
3.29984660 -0.00256398
3.30329471 -0.00053050
3.30674283 -0.00256096
3.31019095 -0.00052896
3.31363906 -0.00255771
3.31708718 -0.00052789
3.32053529 -0.00255479
3.32398341 -0.00052633
3.32743152 -0.00255207
3.33087964 -0.00052509
3.33432775 -0.00254968
3.33777587 -0.00052370
3.34122399 -0.00254730
3.34467210 -0.00052363
3.34812022 -0.00254580
3.35156833 -0.00052372
3.35501645 -0.00254447
3.35846456 -0.00052378
3.36191268 -0.00254233
3.36536079 -0.00052282
3.36880891 -0.00253989
3.37225703 -0.00052085
3.37570514 -0.00253646
3.37915326 -0.00051931
3.38260137 -0.00253340
3.38604949 -0.00051724
3.38949760 -0.00253034
3.39294572 -0.00051573
3.39639384 -0.00252745
3.39984195 -0.00051425
3.40329007 -0.00252538
3.40673818 -0.00051294
3.41018630 -0.00252350
3.41363441 -0.00051265
3.41708253 -0.00252205
3.42053064 -0.00051297
3.42397876 -0.00252070
3.42742688 -0.00051328
3.43087499 -0.00251932
3.43432311 -0.00051281
3.43777122 -0.00251760
3.44121934 -0.00051183
3.44466745 -0.00251491
3.44811557 -0.00051080
3.45156368 -0.00251235
3.45501180 -0.00050862
3.45845992 -0.00250936
3.46190803 -0.00050634
3.46535615 -0.00250603
3.46880426 -0.00050479
3.47225238 -0.00250327
3.47570049 -0.00050454
3.47914861 -0.00250224
3.48259672 -0.00050498
3.48604484 -0.00250192
3.48949296 -0.00050485
3.49294107 -0.00250018
3.49638919 -0.00050458
3.49983730 -0.00249760
3.50328542 -0.00050262
3.50673353 -0.00249462
3.51018165 -0.00050095
3.51362976 -0.00249145
3.51707788 -0.00049912
3.52052600 -0.00248791
3.52397411 -0.00049771
3.52742223 -0.00248461
3.53087034 -0.00049722
3.53431846 -0.00248319
3.53776657 -0.00049639
3.54121469 -0.00248220
3.54466280 -0.00049635
3.54811092 -0.00247981
3.55155904 -0.00049548
3.55500715 -0.00247630
3.55845527 -0.00049359
3.56190338 -0.00247247
3.56535150 -0.00049197
3.56879961 -0.00246962
3.57224773 -0.00049137
3.57569584 -0.00246700
3.57914396 -0.00049243
3.58259208 -0.00246573
3.58604019 -0.00049302
3.58948831 -0.00246492
3.59293642 -0.00049281
3.59638454 -0.00246329
3.59983265 -0.00049215
3.60328077 -0.00245963
3.60672888 -0.00049065
3.61017700 -0.00245537
3.61362512 -0.00048854
3.61707323 -0.00245179
3.62052135 -0.00048684
3.62396946 -0.00244956
3.62741758 -0.00048720
3.63086569 -0.00244840
3.63431381 -0.00048809
3.63776192 -0.00244719
3.64121004 -0.00048807
3.64465816 -0.00244534
3.64810627 -0.00048648
3.65155439 -0.00244259
3.65500250 -0.00048557
3.65845062 -0.00243981
3.66189873 -0.00048531
3.66534685 -0.00243711
3.66879496 -0.00048432
3.67224308 -0.00243445
3.67569120 -0.00048207
3.67913931 -0.00243103
3.68258743 -0.00048069
3.68603554 -0.00242832
3.68948366 -0.00048024
3.69293177 -0.00242656
3.69637989 -0.00048034
3.69982801 -0.00242478
3.70327612 -0.00047968
3.70672424 -0.00242219
3.71017235 -0.00047870
3.71362047 -0.00241900
3.71706858 -0.00047803
3.72051670 -0.00241651
3.72396481 -0.00047692
3.72741293 -0.00241391
3.73086105 -0.00047611
3.73430916 -0.00241114
3.73775728 -0.00047503
3.74120539 -0.00240903
3.74465351 -0.00047484
3.74810162 -0.00240705
3.75154974 -0.00047477
3.75499785 -0.00240488
3.75844597 -0.00047398
3.76189409 -0.00240148
3.76534220 -0.00047197
3.76879032 -0.00239766
3.77223843 -0.00046960
3.77568655 -0.00239372
3.77913466 -0.00046789
3.78258278 -0.00239016
3.78603089 -0.00046613
3.78947901 -0.00238734
3.79292713 -0.00046530
3.79637524 -0.00238578
3.79982336 -0.00046602
3.80327147 -0.00238567
3.80671959 -0.00046823
3.81016770 -0.00238605
3.81361582 -0.00047029
3.81706393 -0.00238533
3.82051205 -0.00047064
3.82396017 -0.00238273
3.82740828 -0.00046930
3.83085640 -0.00237923
3.83430451 -0.00046708
3.83775263 -0.00237527
3.84120074 -0.00046522
3.84464886 -0.00237182
3.84809697 -0.00046361
3.85154509 -0.00236862
3.85499321 -0.00046254
3.85844132 -0.00236591
3.86188944 -0.00046137
3.86533755 -0.00236309
3.86878567 -0.00046066
3.87223378 -0.00236043
3.87568190 -0.00045988
3.87913001 -0.00235784
3.88257813 -0.00045861
3.88602625 -0.00235479
3.88947436 -0.00045694
3.89292248 -0.00235096
3.89637059 -0.00045480
3.89981871 -0.00234771
3.90326682 -0.00045370
3.90671494 -0.00234565
3.91016305 -0.00045402
3.91361117 -0.00234427
3.91705929 -0.00045451
3.92050740 -0.00234258
3.92395552 -0.00045401
3.92740363 -0.00233981
3.93085175 -0.00045296
3.93429986 -0.00233778
3.93774798 -0.00045262
3.94119609 -0.00233647
3.94464421 -0.00045329
3.94809233 -0.00233565
3.95154044 -0.00045361
3.95498856 -0.00233414
3.95843667 -0.00045316
3.96188479 -0.00233100
3.96533290 -0.00045227
3.96878102 -0.00232711
3.97222914 -0.00045059
3.97567725 -0.00232269
3.97912537 -0.00044839
3.98257348 -0.00231913
3.98602160 -0.00044651
3.98946971 -0.00231653
3.99291783 -0.00044554
3.99636594 -0.00231446
3.99981406 -0.00044506
4.00326218 -0.00231220
4.00671029 -0.00044407
4.01015841 -0.00230909
4.01360652 -0.00044348
4.01705464 -0.00230610
4.02050275 -0.00044331
4.02395087 -0.00230364
4.02739898 -0.00044274
4.03084710 -0.00230116
4.03429522 -0.00044103
4.03774333 -0.00229770
4.04119145 -0.00043885
4.04463956 -0.00229460
4.04808768 -0.00043761
4.05153579 -0.00229242
4.05498391 -0.00043801
4.05843202 -0.00229152
4.06188014 -0.00043893
4.06532826 -0.00229006
4.06877637 -0.00043925
4.07222449 -0.00228738
4.07567260 -0.00043792
4.07912072 -0.00228369
4.08256883 -0.00043534
4.08601695 -0.00227978
4.08946506 -0.00043326
4.09291318 -0.00227652
4.09636130 -0.00043251
4.09980941 -0.00227433
4.10325753 -0.00043237
4.10670564 -0.00227231
4.11015376 -0.00043168
4.11360187 -0.00226966
4.11704999 -0.00043065
4.12049810 -0.00226546
4.12394622 -0.00042872
4.12739434 -0.00226104
4.13084245 -0.00042611
4.13429057 -0.00225646
4.13773868 -0.00042387
4.14118680 -0.00225324
4.14463491 -0.00042373
4.14808303 -0.00225137
4.15153114 -0.00042512
4.15497926 -0.00225045
4.15842738 -0.00042600
4.16187549 -0.00224873
4.16532361 -0.00042530
4.16877172 -0.00224576
4.17221984 -0.00042506
4.17566795 -0.00224340
4.17911607 -0.00042464
4.18256418 -0.00224127
4.18601230 -0.00042529
4.18946042 -0.00223921
4.19290853 -0.00042521
4.19635665 -0.00223668
4.19980476 -0.00042517
4.20325288 -0.00223394
4.20670099 -0.00042504
4.21014911 -0.00223110
4.21359722 -0.00042363
4.21704534 -0.00222770
4.22049346 -0.00042187
4.22394157 -0.00222322
4.22738969 -0.00041930
4.23083780 -0.00221866
4.23428592 -0.00041700
4.23773403 -0.00221418
4.24118215 -0.00041584
4.24463026 -0.00221111
4.24807838 -0.00041605
4.25152650 -0.00220951
4.25497461 -0.00041708
4.25842273 -0.00220774
4.26187084 -0.00041719
4.26531896 -0.00220476
4.26876707 -0.00041575
4.27221519 -0.00220025
4.27566331 -0.00041335
4.27911142 -0.00219544
4.28255954 -0.00041152
4.28600765 -0.00219148
4.28945577 -0.00041044
4.29290388 -0.00218869
4.29635200 -0.00041063
4.29980011 -0.00218659
4.30324823 -0.00041140
4.30669635 -0.00218423
4.31014446 -0.00041160
4.31359258 -0.00218121
4.31704069 -0.00041105
4.32048881 -0.00217793
4.32393692 -0.00041016
4.32738504 -0.00217521
4.33083315 -0.00041036
4.33428127 -0.00217345
4.33772939 -0.00041094
4.34117750 -0.00217217
4.34462562 -0.00041149
4.34807373 -0.00216969
4.35152185 -0.00041143
4.35496996 -0.00216566
4.35841808 -0.00041031
4.36186619 -0.00216085
4.36531431 -0.00040792
4.36876243 -0.00215585
4.37221054 -0.00040569
4.37565866 -0.00215118
4.37910677 -0.00040430
4.38255489 -0.00214811
4.38600300 -0.00040337
4.38945112 -0.00214644
4.39289923 -0.00040393
4.39634735 -0.00214498
4.39979547 -0.00040481
4.40324358 -0.00214245
4.40669170 -0.00040531
4.41013981 -0.00213960
4.41358793 -0.00040466
4.41703604 -0.00213688
4.42048416 -0.00040446
4.42393227 -0.00213494
4.42738039 -0.00040564
4.43082851 -0.00213368
4.43427662 -0.00040646
4.43772474 -0.00213240
4.44117285 -0.00040650
4.44462097 -0.00212973
4.44806908 -0.00040519
4.45151720 -0.00212561
4.45496531 -0.00040287
4.45841343 -0.00211976
4.46186155 -0.00039976
4.46530966 -0.00211381
4.46875778 -0.00039646
4.47220589 -0.00210857
4.47565401 -0.00039419
4.47910212 -0.00210466
4.48255024 -0.00039304
4.48599835 -0.00210152
4.48944647 -0.00039228
4.49289459 -0.00209857
4.49634270 -0.00039166
4.49979082 -0.00209583
4.50323893 -0.00039096
4.50668705 -0.00209210
4.51013516 -0.00039059
4.51358328 -0.00208798
4.51703139 -0.00038985
4.52047951 -0.00208449
4.52392763 -0.00038960
4.52737574 -0.00208223
4.53082386 -0.00039013
4.53427197 -0.00208038
4.53772009 -0.00039057
4.54116820 -0.00207730
4.54461632 -0.00038953
4.54806443 -0.00207234
4.55151255 -0.00038729
4.55496067 -0.00206714
4.55840878 -0.00038555
4.56185690 -0.00206305
4.56530501 -0.00038570
4.56875313 -0.00206068
4.57220124 -0.00038680
4.57564936 -0.00205941
4.57909748 -0.00038728
4.58254559 -0.00205679
4.58599371 -0.00038647
4.58944182 -0.00205187
4.59288994 -0.00038457
4.59633805 -0.00204596
4.59978617 -0.00038283
4.60323428 -0.00204143
4.60668240 -0.00038181
4.61013052 -0.00203909
4.61357863 -0.00038266
4.61702675 -0.00203777
4.62047486 -0.00038379
4.62392298 -0.00203688
4.62737109 -0.00038480
4.63081921 -0.00203555
4.63426732 -0.00038476
4.63771544 -0.00203183
4.64116356 -0.00038340
4.64461167 -0.00202609
4.64805979 -0.00038059
4.65150790 -0.00202013
4.65495602 -0.00037783
4.65840413 -0.00201606
4.66185225 -0.00037684
4.66530036 -0.00201314
4.66874848 -0.00037671
4.67219660 -0.00201072
4.67564471 -0.00037624
4.67909283 -0.00200737
4.68254094 -0.00037504
4.68598906 -0.00200368
4.68943717 -0.00037419
4.69288529 -0.00199992
4.69633340 -0.00037405
4.69978152 -0.00199651
4.70322964 -0.00037399
4.70667775 -0.00199343
4.71012587 -0.00037316
4.71357398 -0.00198913
4.71702210 -0.00037250
4.72047021 -0.00198478
4.72391833 -0.00037163
4.72736644 -0.00198116
4.73081456 -0.00037084
4.73426268 -0.00197771
4.73771079 -0.00036989
4.74115891 -0.00197376
4.74460702 -0.00036824
4.74805514 -0.00196891
4.75150325 -0.00036735
4.75495137 -0.00196481
4.75839948 -0.00036696
4.76184760 -0.00196141
4.76529572 -0.00036714
4.76874383 -0.00195795
4.77219195 -0.00036663
4.77564006 -0.00195465
4.77908818 -0.00036577
4.78253629 -0.00195152
4.78598441 -0.00036549
4.78943252 -0.00194870
4.79288064 -0.00036489
4.79632876 -0.00194536
4.79977687 -0.00036353
4.80322499 -0.00194070
4.80667310 -0.00036217
4.81012122 -0.00193652
4.81356933 -0.00036153
4.81701745 -0.00193382
4.82046556 -0.00036218
4.82391368 -0.00193180
4.82736180 -0.00036235
4.83080991 -0.00192871
4.83425803 -0.00036101
4.83770614 -0.00192418
4.84115426 -0.00035894
4.84460237 -0.00191952
4.84805049 -0.00035746
4.85149861 -0.00191587
4.85494672 -0.00035694
4.85839484 -0.00191262
4.86184295 -0.00035708
4.86529107 -0.00190934
4.86873918 -0.00035695
4.87218730 -0.00190628
4.87563541 -0.00035728
4.87908353 -0.00190333
4.88253165 -0.00035715
4.88597976 -0.00190004
4.88942788 -0.00035583
4.89287599 -0.00189541
4.89632411 -0.00035366
4.89977222 -0.00189037
4.90322034 -0.00035128
4.90666845 -0.00188577
4.91011657 -0.00035083
4.91356469 -0.00188195
4.91701280 -0.00035110
4.92046092 -0.00187930
4.92390903 -0.00035162
4.92735715 -0.00187629
4.93080526 -0.00035093
4.93425338 -0.00187254
4.93770149 -0.00034929
4.94114961 -0.00186765
4.94459773 -0.00034769
4.94804584 -0.00186317
4.95149396 -0.00034643
4.95494207 -0.00185950
4.95839019 -0.00034650
4.96183830 -0.00185637
4.96528642 -0.00034691
4.96873453 -0.00185407
4.97218265 -0.00034740
4.97563077 -0.00185221
4.97907888 -0.00034739
4.98252700 -0.00184968
4.98597511 -0.00034683
4.98942323 -0.00184557
4.99287134 -0.00034586
4.99631946 -0.00184010
4.99976757 -0.00034418
5.00321569 -0.00183425
5.00666381 -0.00034085
5.01011192 -0.00182703
5.01356004 -0.00033656
5.01700815 -0.00181967
5.02045627 -0.00033234
5.02390438 -0.00181445
5.02735250 -0.00033119
5.03080061 -0.00181230
5.03424873 -0.00033365
5.03769685 -0.00181122
5.04114496 -0.00033622
5.04459308 -0.00180879
5.04804119 -0.00033701
5.05148931 -0.00180486
5.05493742 -0.00033559
5.05838554 -0.00180078
5.06183365 -0.00033490
5.06528177 -0.00179676
5.06872989 -0.00033403
5.07217800 -0.00179253
5.07562612 -0.00033242
5.07907423 -0.00178728
5.08252235 -0.00033100
5.08597046 -0.00178217
5.08941858 -0.00033056
5.09286669 -0.00177832
5.09631481 -0.00033161
5.09976293 -0.00177583
5.10321104 -0.00033211
5.10665916 -0.00177349
5.11010727 -0.00033218
5.11355539 -0.00176973
5.11700350 -0.00033197
5.12045162 -0.00176496
5.12389973 -0.00033050
5.12734785 -0.00176010
5.13079597 -0.00032833
5.13424408 -0.00175498
5.13769220 -0.00032623
5.14114031 -0.00174936
5.14458843 -0.00032503
5.14803654 -0.00174410
5.15148466 -0.00032363
5.15493278 -0.00173953
5.15838089 -0.00032243
5.16182901 -0.00173499
5.16527712 -0.00032152
5.16872524 -0.00173023
5.17217335 -0.00032061
5.17562147 -0.00172543
5.17906958 -0.00031915
5.18251770 -0.00172148
5.18596582 -0.00031815
5.18941393 -0.00171764
5.19286205 -0.00031759
5.19631016 -0.00171362
5.19975828 -0.00031711
5.20320639 -0.00170900
5.20665451 -0.00031615
5.21010262 -0.00170419
5.21355074 -0.00031549
5.21699886 -0.00170043
5.22044697 -0.00031551
5.22389509 -0.00169734
5.22734320 -0.00031544
5.23079132 -0.00169386
5.23423943 -0.00031464
5.23768755 -0.00168902
5.24113566 -0.00031288
5.24458378 -0.00168341
5.24803190 -0.00031111
5.25148001 -0.00167826
5.25492813 -0.00031042
5.25837624 -0.00167406
5.26182436 -0.00031056
5.26527247 -0.00167036
5.26872059 -0.00031033
5.27216870 -0.00166687
5.27561682 -0.00030935
5.27906494 -0.00166298
5.28251305 -0.00030795
5.28596117 -0.00165870
5.28940928 -0.00030667
5.29285740 -0.00165339
5.29630551 -0.00030514
5.29975363 -0.00164774
5.30320174 -0.00030292
5.30664986 -0.00164187
5.31009798 -0.00030094
5.31354609 -0.00163681
5.31699421 -0.00029981
5.32044232 -0.00163307
5.32389044 -0.00029969
5.32733855 -0.00163009
5.33078667 -0.00030038
5.33423478 -0.00162725
5.33768290 -0.00030034
5.34113102 -0.00162287
5.34457913 -0.00029971
5.34802725 -0.00161716
5.35147536 -0.00029779
5.35492348 -0.00161128
5.35837159 -0.00029622
5.36181971 -0.00160667
5.36526782 -0.00029551
5.36871594 -0.00160244
5.37216406 -0.00029535
5.37561217 -0.00159784
5.37906029 -0.00029429
5.38250840 -0.00159240
5.38595652 -0.00029251
5.38940463 -0.00158603
5.39285275 -0.00029157
5.39630086 -0.00158023
5.39974898 -0.00029111
5.40319710 -0.00157541
5.40664521 -0.00029127
5.41009333 -0.00157208
5.41354144 -0.00029141
5.41698956 -0.00156904
5.42043767 -0.00029232
5.42388579 -0.00156550
5.42733390 -0.00029234
5.43078202 -0.00156145
5.43423014 -0.00029144
5.43767825 -0.00155633
5.44112637 -0.00029086
5.44457448 -0.00155162
5.44802260 -0.00029033
5.45147071 -0.00154714
5.45491883 -0.00029017
5.45836695 -0.00154205
5.46181506 -0.00028748
5.46526318 -0.00153542
5.46871129 -0.00028347
5.47215941 -0.00152808
5.47560752 -0.00028073
5.47905564 -0.00152227
5.48250375 -0.00028034
5.48595187 -0.00151797
5.48939999 -0.00028079
5.49284810 -0.00151397
5.49629622 -0.00028016
5.49974433 -0.00150881
5.50319245 -0.00027854
5.50664056 -0.00150372
5.51008868 -0.00027714
5.51353679 -0.00150028
5.51698491 -0.00027664
5.52043303 -0.00149661
5.52388114 -0.00027667
5.52732926 -0.00149141
5.53077737 -0.00027543
5.53422549 -0.00148442
5.53767360 -0.00027291
5.54112172 -0.00147781
5.54456983 -0.00027151
5.54801795 -0.00147266
5.55146607 -0.00027191
5.55491418 -0.00146873
5.55836230 -0.00027184
5.56181041 -0.00146449
5.56525853 -0.00026968
5.56870664 -0.00145861
5.57215476 -0.00026701
5.57560287 -0.00145178
5.57905099 -0.00026544
5.58249911 -0.00144545
5.58594722 -0.00026397
5.58939534 -0.00143994
5.59284345 -0.00026308
5.59629157 -0.00143533
5.59973968 -0.00026321
5.60318780 -0.00143198
5.60663591 -0.00026536
5.61008403 -0.00142912
5.61353215 -0.00026705
5.61698026 -0.00142568
5.62042838 -0.00026629
5.62387649 -0.00142010
5.62732461 -0.00026454
5.63077272 -0.00141349
5.63422084 -0.00026240
5.63766895 -0.00140746
5.64111707 -0.00026128
5.64456519 -0.00140181
5.64801330 -0.00025949
5.65146142 -0.00139632
5.65490953 -0.00025788
5.65835765 -0.00139004
5.66180576 -0.00025670
5.66525388 -0.00138410
5.66870199 -0.00025506
5.67215011 -0.00137828
5.67559823 -0.00025402
5.67904634 -0.00137308
5.68249446 -0.00025206
5.68594257 -0.00136834
5.68939069 -0.00025089
5.69283880 -0.00136267
5.69628692 -0.00024921
5.69973503 -0.00135635
5.70318315 -0.00024671
5.70663127 -0.00134941
5.71007938 -0.00024547
5.71352750 -0.00134367
5.71697561 -0.00024455
5.72042373 -0.00133921
5.72387184 -0.00024501
5.72731996 -0.00133500
5.73076808 -0.00024512
5.73421619 -0.00133081
5.73766431 -0.00024491
5.74111242 -0.00132544
5.74456054 -0.00024366
5.74800865 -0.00131851
5.75145677 -0.00024087
5.75490488 -0.00131041
5.75835300 -0.00023787
5.76180112 -0.00130317
5.76524923 -0.00023600
5.76869735 -0.00129804
5.77214546 -0.00023610
5.77559358 -0.00129332
5.77904169 -0.00023578
5.78248981 -0.00128838
5.78593792 -0.00023497
5.78938604 -0.00128212
5.79283416 -0.00023343
5.79628227 -0.00127552
5.79973039 -0.00023150
5.80317850 -0.00126828
5.80662662 -0.00022926
5.81007473 -0.00126099
5.81352285 -0.00022673
5.81697096 -0.00125495
5.82041908 -0.00022556
5.82386720 -0.00124944
5.82731531 -0.00022568
5.83076343 -0.00124539
5.83421154 -0.00022596
5.83765966 -0.00124125
5.84110777 -0.00022678
5.84455589 -0.00123718
5.84800400 -0.00022610
5.85145212 -0.00123179
5.85490024 -0.00022509
5.85834835 -0.00122455
5.86179647 -0.00022282
5.86524458 -0.00121721
5.86869270 -0.00022024
5.87214081 -0.00121030
5.87558893 -0.00021917
5.87903704 -0.00120402
5.88248516 -0.00021894
5.88593328 -0.00119830
5.88938139 -0.00021927
5.89282951 -0.00119320
5.89627762 -0.00021854
5.89972574 -0.00118826
5.90317385 -0.00021773
5.90662197 -0.00118224
5.91007008 -0.00021625
5.91351820 -0.00117550
5.91696632 -0.00021366
5.92041443 -0.00116745
5.92386255 -0.00021098
5.92731066 -0.00115858
5.93075878 -0.00020888
5.93420689 -0.00115089
5.93765501 -0.00020814
5.94110312 -0.00114471
5.94455124 -0.00020876
5.94799936 -0.00113986
5.95144747 -0.00020932
5.95489559 -0.00113514
5.95834370 -0.00020905
5.96179182 -0.00113001
5.96523993 -0.00020828
5.96868805 -0.00112460
5.97213616 -0.00020778
5.97558428 -0.00111837
5.97903240 -0.00020653
5.98248051 -0.00111187
5.98592863 -0.00020463
5.98937674 -0.00110435
5.99282486 -0.00020301
5.99627297 -0.00109743
5.99972109 -0.00020227
6.00316920 -0.00109167
6.00661732 -0.00020165
6.01006544 -0.00108556
6.01351355 -0.00019960
6.01696167 -0.00107799
6.02040978 -0.00019632
6.02385790 -0.00106956
6.02730601 -0.00019356
6.03075413 -0.00106263
6.03420225 -0.00019211
6.03765036 -0.00105758
6.04109848 -0.00019198
6.04454659 -0.00105272
6.04799471 -0.00019175
6.05144282 -0.00104733
6.05489094 -0.00019116
6.05833905 -0.00104186
6.06178717 -0.00019025
6.06523529 -0.00103633
6.06868340 -0.00018900
6.07213152 -0.00103053
6.07557963 -0.00018774
6.07902775 -0.00102343
6.08247586 -0.00018557
6.08592398 -0.00101560
6.08937209 -0.00018185
6.09282021 -0.00100705
6.09626833 -0.00017831
6.09971644 -0.00099874
6.10316456 -0.00017655
6.10661267 -0.00099214
6.11006079 -0.00017625
6.11350890 -0.00098636
6.11695702 -0.00017562
6.12040513 -0.00097966
6.12385325 -0.00017285
6.12730137 -0.00097156
6.13074948 -0.00017036
6.13419760 -0.00096392
6.13764571 -0.00016892
6.14109383 -0.00095740
6.14454194 -0.00016832
6.14799006 -0.00095112
6.15143817 -0.00016721
6.15488629 -0.00094320
6.15833441 -0.00016555
6.16178252 -0.00093489
6.16523064 -0.00016432
6.16867875 -0.00092766
6.17212687 -0.00016344
6.17557498 -0.00092169
6.17902310 -0.00016284
6.18247121 -0.00091544
6.18591933 -0.00016224
6.18936745 -0.00090811
6.19281556 -0.00016118
6.19626368 -0.00090010
6.19971179 -0.00015933
6.20315991 -0.00089163
6.20660802 -0.00015776
6.21005614 -0.00088322
6.21350425 -0.00015592
6.21695237 -0.00087507
6.22040049 -0.00015489
6.22384860 -0.00086812
6.22729672 -0.00015484
6.23074483 -0.00086227
6.23419295 -0.00015545
6.23764106 -0.00085642
6.24108918 -0.00015594
6.24453729 -0.00084974
6.24798541 -0.00015512
6.25143353 -0.00084163
6.25488164 -0.00015441
6.25832976 -0.00083370
6.26177787 -0.00015398
6.26522599 -0.00082614
6.26867410 -0.00015326
6.27212222 -0.00081818
6.27557033 -0.00015222
6.27901845 -0.00080989
6.28246657 -0.00015050
6.28591468 -0.00080113
6.28936280 -0.00014847
6.29281091 -0.00079251
6.29625903 -0.00014549
6.29970714 -0.00078286
6.30315526 -0.00014264
6.30660337 -0.00077266
6.31005149 -0.00013967
6.31349961 -0.00076346
6.31694772 -0.00013803
6.32039584 -0.00075608
6.32384395 -0.00013739
6.32729207 -0.00075008
6.33074018 -0.00013842
6.33418830 -0.00074402
6.33763642 -0.00013957
6.34108453 -0.00073726
6.34453265 -0.00013921
6.34798076 -0.00072938
6.35142888 -0.00013751
6.35487699 -0.00072051
6.35832511 -0.00013442
6.36177322 -0.00071170
6.36522134 -0.00013165
6.36866946 -0.00070300
6.37211757 -0.00012905
6.37556569 -0.00069511
6.37901380 -0.00012765
6.38246192 -0.00068664
6.38591003 -0.00012705
6.38935815 -0.00067899
6.39280626 -0.00012763
6.39625438 -0.00067241
6.39970250 -0.00012804
6.40315061 -0.00066717
6.40659873 -0.00012855
6.41004684 -0.00066088
6.41349496 -0.00012745
6.41694307 -0.00065253
6.42039119 -0.00012481
6.42383930 -0.00064318
6.42728742 -0.00012160
6.43073554 -0.00063329
6.43418365 -0.00011866
6.43763177 -0.00062394
6.44107988 -0.00011662
6.44452800 -0.00061536
6.44797611 -0.00011452
6.45142423 -0.00060810
6.45487234 -0.00011337
6.45832046 -0.00060087
6.46176858 -0.00011263
6.46521669 -0.00059288
6.46866481 -0.00011068
6.47211292 -0.00058386
6.47556104 -0.00010797
6.47900915 -0.00057449
6.48245727 -0.00010495
6.48590538 -0.00056524
6.48935350 -0.00010292
6.49280162 -0.00055634
6.49624973 -0.00010109
6.49969785 -0.00054792
6.50314596 -0.00009988
6.50659408 -0.00053944
6.51004219 -0.00009848
6.51349031 -0.00053079
6.51693842 -0.00009690
6.52038654 -0.00052213
6.52383466 -0.00009507
6.52728277 -0.00051394
6.53073089 -0.00009437
6.53417900 -0.00050665
6.53762712 -0.00009452
6.54107523 -0.00049877
6.54452335 -0.00009329
6.54797146 -0.00048942
6.55141958 -0.00009084
6.55486770 -0.00047880
6.55831581 -0.00008852
6.56176393 -0.00046942
6.56521204 -0.00008817
6.56866016 -0.00046253
6.57210827 -0.00008840
6.57555639 -0.00045615
6.57900450 -0.00008751
6.58245262 -0.00044712
6.58590074 -0.00008496
6.58934885 -0.00043573
6.59279697 -0.00008077
6.59624508 -0.00042377
6.59969320 -0.00007693
6.60314131 -0.00041351
6.60658943 -0.00007483
6.61003755 -0.00040533
6.61348566 -0.00007568
6.61693378 -0.00039860
6.62038189 -0.00007749
6.62383001 -0.00039257
6.62727812 -0.00007779
6.63072624 -0.00038509
6.63417435 -0.00007632
6.63762247 -0.00037522
6.64107059 -0.00007320
6.64451870 -0.00036424
6.64796682 -0.00007080
6.65141493 -0.00035362
6.65486305 -0.00006849
6.65831116 -0.00034454
6.66175928 -0.00006711
6.66520739 -0.00033557
6.66865551 -0.00006579
6.67210363 -0.00032629
6.67555174 -0.00006393
6.67899986 -0.00031695
6.68244797 -0.00006195
6.68589609 -0.00030746
6.68934420 -0.00005930
6.69279232 -0.00029727
6.69624043 -0.00005678
6.69968855 -0.00028626
6.70313667 -0.00005413
6.70658478 -0.00027611
6.71003290 -0.00005170
6.71348101 -0.00026699
6.71692913 -0.00005016
6.72037724 -0.00025811
6.72382536 -0.00004858
6.72727347 -0.00024810
6.73072159 -0.00004664
6.73416971 -0.00023747
6.73761782 -0.00004507
6.74106594 -0.00022754
6.74451405 -0.00004318
6.74796217 -0.00021814
6.75141028 -0.00004132
6.75485840 -0.00020924
6.75830651 -0.00003894
6.76175463 -0.00019993
6.76520275 -0.00003659
6.76865086 -0.00019027
6.77209898 -0.00003566
6.77554709 -0.00018053
6.77899521 -0.00003483
6.78244332 -0.00017082
6.78589144 -0.00003440
6.78933955 -0.00016143
6.79278767 -0.00003334
6.79623579 -0.00015194
6.79968390 -0.00003080
6.80313202 -0.00014169
6.80658013 -0.00002718
6.81002825 -0.00012986
6.81347636 -0.00002325
6.81692448 -0.00011798
6.82037259 -0.00001984
6.82382071 -0.00010707
6.82726883 -0.00001817
6.83071694 -0.00009754
6.83416506 -0.00001673
6.83761317 -0.00008789
6.84106129 -0.00001542
6.84450940 -0.00007776
6.84795752 -0.00001346
6.85140563 -0.00006809
6.85485375 -0.00001183
6.85830187 -0.00005851
6.86174998 -0.00001066
6.86519810 -0.00004835
6.86864621 -0.00000860
6.87209433 -0.00004194
6.87554244 -0.00000454
6.87899056 -0.00004031
6.88243867 -0.00000501
6.88588679 -0.00004203
6.88933491 -0.00000724
6.89278302 -0.00004294
