# Energy(eV)  Abs(norm)
0.00000000 0.00000000
0.00229836 0.01931841
0.00459672 0.07098609
0.00689508 0.14017868
0.00919344 0.20684000
0.01149180 0.25899341
0.01379016 0.28675130
0.01608852 0.26041755
0.01838688 0.28927003
0.02068524 0.25316408
0.02298360 0.25124198
0.02528197 0.26345745
0.02758033 0.27256768
0.02987869 0.29928823
0.03217705 0.31204684
0.03447541 0.32943699
0.03677377 0.33821803
0.03907213 0.34540032
0.04137049 0.34052098
0.04366885 0.33984543
0.04596721 0.32532802
0.04826557 0.31687908
0.05056393 0.30568154
0.05286229 0.29423373
0.05516065 0.28772457
0.05745901 0.27998590
0.05975737 0.27279436
0.06205573 0.26071543
0.06435409 0.24519756
0.06665245 0.23381260
0.06895081 0.21241585
0.07124917 0.19643469
0.07354753 0.17849960
0.07584590 0.16056500
0.07814426 0.14632170
0.08044262 0.12708642
0.08274098 0.11425885
0.08503934 0.09615094
0.08733770 0.08631492
0.08963606 0.07312033
0.09193442 0.06724228
0.09423278 0.05837297
0.09653114 0.05732027
0.09882950 0.05329323
0.10112786 0.05157852
0.10342622 0.04951481
0.10572458 0.04866032
0.10802294 0.04682259
0.11032130 0.04562733
0.11261966 0.04465472
0.11491802 0.04404541
0.11721638 0.04240336
0.11951474 0.04241084
0.12181310 0.04091817
0.12411146 0.04088553
0.12640983 0.03893722
0.12870819 0.04030993
0.13100655 0.03776995
0.13330491 0.03907025
0.13560327 0.03726954
0.13790163 0.03833171
0.14019999 0.03754300
0.14249835 0.03866808
0.14479671 0.03901566
0.14709507 0.04075666
0.14939343 0.04130760
0.15169179 0.04320090
0.15399015 0.04309671
0.15628851 0.04449995
0.15858687 0.04401087
0.16088523 0.04539034
0.16318359 0.04548648
0.16548195 0.04903983
0.16778031 0.05172171
0.17007867 0.06772913
0.17237703 0.08768132
0.17467540 0.14090906
0.17697376 0.21199771
0.17927212 0.31280199
0.18157048 0.44464094
0.18386884 0.58307943
0.18616720 0.70300595
0.18846556 0.78094844
0.19076392 0.79818722
0.19306228 0.75301176
0.19536064 0.64889717
0.19765900 0.51082195
0.19995736 0.35878938
0.20225572 0.22989138
0.20455408 0.12550339
0.20685244 0.07430188
0.20915080 0.03246028
0.21144916 0.01746109
0.21374752 0.01688843
0.21604588 0.01817908
0.21834424 0.01649470
0.22064260 0.01941255
0.22294096 0.01643933
0.22523933 0.02010947
0.22753769 0.01653675
0.22983605 0.02060735
0.23213441 0.01632908
0.23443277 0.01977242
0.23673113 0.01444107
0.23902949 0.01801232
0.24132785 0.01252053
0.24362621 0.01634180
0.24592457 0.01025678
0.24822293 0.01506383
0.25052129 0.00860160
0.25281965 0.01415885
0.25511801 0.00716052
0.25741637 0.01291801
0.25971473 0.00597758
0.26201309 0.01203168
0.26431145 0.00486244
0.26660981 0.01144531
0.26890817 0.00453669
0.27120653 0.01163311
0.27350489 0.00475595
0.27580326 0.01215438
0.27810162 0.00528837
0.28039998 0.01285206
0.28269834 0.00587307
0.28499670 0.01342114
0.28729506 0.00634436
0.28959342 0.01402473
0.29189178 0.00687869
0.29419014 0.01476686
0.29648850 0.00726596
0.29878686 0.01554762
0.30108522 0.00757701
0.30338358 0.01606783
0.30568194 0.00782007
0.30798030 0.01646360
0.31027866 0.00797112
0.31257702 0.01681415
0.31487538 0.00825873
0.31717374 0.01740062
0.31947210 0.00878581
0.32177046 0.01834982
0.32406882 0.00952107
0.32636719 0.01931053
0.32866555 0.01043940
0.33096391 0.02048824
0.33326227 0.01138396
0.33556063 0.02186043
0.33785899 0.01294402
0.34015735 0.02388476
0.34245571 0.01493831
0.34475407 0.02641540
0.34705243 0.01747209
0.34935079 0.02942141
0.35164915 0.02008853
0.35394751 0.03312743
0.35624587 0.02354679
0.35854423 0.03796361
0.36084259 0.02910956
0.36314095 0.04435190
0.36543931 0.03683362
0.36773767 0.05392344
0.37003603 0.04745303
0.37233439 0.06599116
0.37463276 0.06051837
0.37693112 0.08016312
0.37922948 0.07376392
0.38152784 0.09232299
0.38382620 0.08447085
0.38612456 0.10101727
0.38842292 0.09080292
0.39072128 0.11048216
0.39301964 0.10068234
0.39531800 0.12538060
0.39761636 0.12142467
0.39991472 0.15328475
0.40221308 0.15564970
0.40451144 0.19575492
0.40680980 0.20352954
0.40910816 0.25597668
0.41140652 0.27527325
0.41370488 0.34161976
0.41600324 0.38672975
0.41830160 0.47673901
0.42059996 0.54984652
0.42289832 0.66398158
0.42519669 0.74512808
0.42749505 0.86012698
0.42979341 0.92125204
0.43209177 0.98896997
0.43439013 0.98609019
0.43668849 0.98279580
0.43898685 0.90622817
0.44128521 0.84286002
0.44358357 0.73017436
0.44588193 0.65189508
0.44818029 0.55878431
0.45047865 0.52042943
0.45277701 0.48297955
0.45507537 0.50770431
0.45737373 0.52993315
0.45967209 0.60594990
0.46197045 0.67762300
0.46426881 0.77841109
0.46656717 0.86563280
0.46886553 0.95321392
0.47116389 0.98942297
0.47346225 1.00000000
0.47576062 0.94744437
0.47805898 0.85624280
0.48035734 0.71831866
0.48265570 0.57213191
0.48495406 0.41247933
0.48725242 0.28933175
0.48955078 0.17647474
0.49184914 0.10776736
0.49414750 0.05766097
0.49644586 0.03193859
0.49874422 0.01788717
0.50104258 0.01216202
0.50334094 0.00762965
0.50563930 0.00728314
0.50793766 0.00251987
0.51023602 0.00230173
0.51253438 -0.00173780
0.51483274 -0.00068469
0.51713110 -0.00464860
0.51942946 -0.00304160
0.52172782 -0.00615971
0.52402619 -0.00545770
0.52632455 -0.00903350
0.52862291 -0.00863330
0.53092127 -0.01260008
0.53321963 -0.01170215
0.53551799 -0.01492124
0.53781635 -0.01285444
0.54011471 -0.01541448
0.54241307 -0.01261280
0.54471143 -0.01456488
0.54700979 -0.01177915
0.54930815 -0.01392272
0.55160651 -0.01138578
0.55390487 -0.01401954
0.55620323 -0.01189467
0.55850159 -0.01467663
0.56079995 -0.01264874
0.56309831 -0.01533511
0.56539667 -0.01311545
0.56769503 -0.01530046
0.56999339 -0.01276020
0.57229175 -0.01473868
0.57459012 -0.01220127
0.57688848 -0.01426080
0.57918684 -0.01172096
0.58148520 -0.01404938
0.58378356 -0.01140364
0.58608192 -0.01369202
0.58838028 -0.01106906
0.59067864 -0.01306951
0.59297700 -0.01056942
0.59527536 -0.01264370
0.59757372 -0.01019799
0.59987208 -0.01225241
0.60217044 -0.00996989
0.60446880 -0.01182171
0.60676716 -0.00948133
0.60906552 -0.01131293
0.61136388 -0.00909095
0.61366224 -0.01109653
0.61596060 -0.00915328
0.61825896 -0.01135162
0.62055732 -0.00957503
0.62285568 -0.01150363
0.62515405 -0.00946927
0.62745241 -0.01107652
0.62975077 -0.00882731
0.63204913 -0.01022145
0.63434749 -0.00816769
0.63664585 -0.00971557
0.63894421 -0.00790868
0.64124257 -0.00979724
0.64354093 -0.00807956
0.64583929 -0.00998199
0.64813765 -0.00824854
0.65043601 -0.01015271
0.65273437 -0.00833988
0.65503273 -0.01001176
0.65733109 -0.00812812
0.65962945 -0.00961578
0.66192781 -0.00765730
0.66422617 -0.00892211
0.66652453 -0.00703183
0.66882289 -0.00828188
0.67112125 -0.00652128
0.67341961 -0.00793660
0.67571798 -0.00634888
0.67801634 -0.00788484
0.68031470 -0.00639870
0.68261306 -0.00815154
0.68491142 -0.00671009
0.68720978 -0.00845650
0.68950814 -0.00707712
0.69180650 -0.00873415
0.69410486 -0.00730712
0.69640322 -0.00885082
0.69870158 -0.00729433
0.70099994 -0.00872041
0.70329830 -0.00710445
0.70559666 -0.00851857
0.70789502 -0.00696521
0.71019338 -0.00835546
0.71249174 -0.00686767
0.71479010 -0.00833144
0.71708846 -0.00685124
0.71938682 -0.00830810
0.72168518 -0.00677039
0.72398355 -0.00827871
0.72628191 -0.00666722
0.72858027 -0.00819899
0.73087863 -0.00656359
0.73317699 -0.00812465
0.73547535 -0.00648736
0.73777371 -0.00805831
0.74007207 -0.00642352
0.74237043 -0.00797808
0.74466879 -0.00633045
0.74696715 -0.00788924
0.74926551 -0.00621729
0.75156387 -0.00777339
0.75386223 -0.00611587
0.75616059 -0.00770275
0.75845895 -0.00603069
0.76075731 -0.00763526
0.76305567 -0.00598103
0.76535403 -0.00759378
0.76765239 -0.00590281
0.76995075 -0.00751305
0.77224911 -0.00579749
0.77454748 -0.00736081
0.77684584 -0.00564242
0.77914420 -0.00718939
0.78144256 -0.00548491
0.78374092 -0.00706526
0.78603928 -0.00537322
0.78833764 -0.00700132
0.79063600 -0.00531503
0.79293436 -0.00696060
0.79523272 -0.00526843
0.79753108 -0.00685451
0.79982944 -0.00516568
0.80212780 -0.00670678
0.80442616 -0.00502021
0.80672452 -0.00652718
0.80902288 -0.00489662
0.81132124 -0.00635046
0.81361960 -0.00478036
0.81591796 -0.00624156
0.81821632 -0.00465451
0.82051468 -0.00607451
0.82281304 -0.00449365
0.82511141 -0.00594422
0.82740977 -0.00428859
0.82970813 -0.00572468
0.83200649 -0.00417413
0.83430485 -0.00548819
0.83660321 -0.00393903
0.83890157 -0.00517100
0.84119993 -0.00363902
0.84349829 -0.00465188
0.84579665 -0.00319947
0.84809501 -0.00414147
0.85039337 -0.00250522
0.85269173 -0.00341208
0.85499009 -0.00173542
0.85728845 -0.00265466
0.85958681 -0.00094982
0.86188517 -0.00206684
0.86418353 -0.00083102
0.86648189 -0.00210077
0.86878025 -0.00126440
0.87107861 -0.00261368
0.87337698 -0.00186439
0.87567534 -0.00280538
0.87797370 -0.00206109
0.88027206 -0.00256715
0.88257042 -0.00163752
0.88486878 -0.00209946
0.88716714 -0.00133444
0.88946550 -0.00189937
0.89176386 -0.00105518
0.89406222 -0.00184873
0.89636058 -0.00107577
0.89865894 -0.00196999
0.90095730 -0.00122040
0.90325566 -0.00239741
0.90555402 -0.00190809
0.90785238 -0.00313589
0.91015074 -0.00297743
0.91244910 -0.00408693
0.91474746 -0.00378066
0.91704582 -0.00459094
0.91934418 -0.00418224
0.92164254 -0.00470354
0.92394091 -0.00389749
0.92623927 -0.00462496
0.92853763 -0.00359044
0.93083599 -0.00453233
0.93313435 -0.00341204
0.93543271 -0.00458774
0.93773107 -0.00350638
0.94002943 -0.00479811
0.94232779 -0.00374891
0.94462615 -0.00513548
0.94692451 -0.00407138
0.94922287 -0.00543437
0.95152123 -0.00438744
0.95381959 -0.00570271
0.95611795 -0.00443267
0.95841631 -0.00582341
0.96071467 -0.00433727
0.96301303 -0.00571379
0.96531139 -0.00413605
0.96760975 -0.00546369
0.96990811 -0.00399775
0.97220647 -0.00536876
0.97450484 -0.00391252
0.97680320 -0.00545405
0.97910156 -0.00403148
0.98139992 -0.00552905
0.98369828 -0.00415555
0.98599664 -0.00558874
0.98829500 -0.00416388
0.99059336 -0.00554592
0.99289172 -0.00410811
0.99519008 -0.00543399
0.99748844 -0.00401450
0.99978680 -0.00535694
1.00208516 -0.00394535
1.00438352 -0.00532171
1.00668188 -0.00392516
1.00898024 -0.00530665
1.01127860 -0.00391842
1.01357696 -0.00529704
1.01587532 -0.00389514
1.01817368 -0.00528229
1.02047204 -0.00387834
1.02277041 -0.00526680
1.02506877 -0.00385682
1.02736713 -0.00526439
1.02966549 -0.00383340
1.03196385 -0.00525546
1.03426221 -0.00381599
1.03656057 -0.00523952
1.03885893 -0.00381131
1.04115729 -0.00521996
1.04345565 -0.00378865
1.04575401 -0.00519535
1.04805237 -0.00374886
1.05035073 -0.00515488
1.05264909 -0.00371533
1.05494745 -0.00512749
1.05724581 -0.00370285
1.05954417 -0.00512628
1.06184253 -0.00370951
1.06414089 -0.00513997
1.06643925 -0.00369988
1.06873761 -0.00512001
1.07103597 -0.00366420
1.07333434 -0.00505792
1.07563270 -0.00360350
1.07793106 -0.00498734
1.08022942 -0.00352547
1.08252778 -0.00492647
1.08482614 -0.00347453
1.08712450 -0.00489464
1.08942286 -0.00345346
1.09172122 -0.00488326
1.09401958 -0.00346856
1.09631794 -0.00489476
1.09861630 -0.00348063
1.10091466 -0.00491094
1.10321302 -0.00348533
1.10551138 -0.00490697
1.10780974 -0.00348336
1.11010810 -0.00489197
1.11240646 -0.00346088
1.11470482 -0.00487002
1.11700318 -0.00343126
1.11930154 -0.00484006
1.12159990 -0.00339189
1.12389827 -0.00480927
1.12619663 -0.00336269
1.12849499 -0.00478658
1.13079335 -0.00334679
1.13309171 -0.00477757
1.13539007 -0.00333858
1.13768843 -0.00477415
1.13998679 -0.00333114
1.14228515 -0.00476534
1.14458351 -0.00331313
1.14688187 -0.00474500
1.14918023 -0.00329308
1.15147859 -0.00472443
1.15377695 -0.00327616
1.15607531 -0.00471150
1.15837367 -0.00326601
1.16067203 -0.00470357
1.16297039 -0.00325833
1.16526875 -0.00469449
1.16756711 -0.00324608
1.16986547 -0.00468016
1.17216383 -0.00323115
1.17446220 -0.00466899
1.17676056 -0.00321895
1.17905892 -0.00466029
1.18135728 -0.00321211
1.18365564 -0.00465056
1.18595400 -0.00320711
1.18825236 -0.00463921
1.19055072 -0.00319290
1.19284908 -0.00462205
1.19514744 -0.00317114
1.19744580 -0.00459555
1.19974416 -0.00314247
1.20204252 -0.00456514
1.20434088 -0.00311397
1.20663924 -0.00454276
1.20893760 -0.00309608
1.21123596 -0.00453634
1.21353432 -0.00309594
1.21583268 -0.00453997
1.21813104 -0.00310392
1.22042940 -0.00454437
1.22272777 -0.00310298
1.22502613 -0.00453478
1.22732449 -0.00308772
1.22962285 -0.00451199
1.23192121 -0.00306345
1.23421957 -0.00448532
1.23651793 -0.00304125
1.23881629 -0.00446513
1.24111465 -0.00302530
1.24341301 -0.00444980
1.24571137 -0.00300602
1.24800973 -0.00442763
1.25030809 -0.00297954
1.25260645 -0.00440013
1.25490481 -0.00294581
1.25720317 -0.00437625
1.25950153 -0.00293133
1.26179989 -0.00436050
1.26409825 -0.00292760
1.26639661 -0.00436231
1.26869497 -0.00292648
1.27099333 -0.00435694
1.27329170 -0.00292368
1.27559006 -0.00435324
1.27788842 -0.00292011
1.28018678 -0.00435561
1.28248514 -0.00291663
1.28478350 -0.00435230
1.28708186 -0.00290379
1.28938022 -0.00433384
1.29167858 -0.00287510
1.29397694 -0.00429187
1.29627530 -0.00284854
1.29857366 -0.00428213
1.30087202 -0.00284319
1.30317038 -0.00430390
1.30546874 -0.00287271
1.30776710 -0.00434643
1.31006546 -0.00290841
1.31236382 -0.00437861
1.31466218 -0.00292456
1.31696054 -0.00439257
1.31925890 -0.00292941
1.32155726 -0.00439396
1.32385563 -0.00292515
1.32615399 -0.00437700
1.32845235 -0.00291196
1.33075071 -0.00434710
1.33304907 -0.00287309
1.33534743 -0.00430508
1.33764579 -0.00282730
1.33994415 -0.00426897
1.34224251 -0.00279197
1.34454087 -0.00424543
1.34683923 -0.00277140
1.34913759 -0.00423308
1.35143595 -0.00275132
1.35373431 -0.00420337
1.35603267 -0.00271689
1.35833103 -0.00415832
1.36062939 -0.00266129
1.36292775 -0.00409610
1.36522611 -0.00260109
1.36752447 -0.00404536
1.36982283 -0.00257274
1.37212120 -0.00404272
1.37441956 -0.00259780
1.37671792 -0.00409855
1.37901628 -0.00267750
1.38131464 -0.00417890
1.38361300 -0.00275810
1.38591136 -0.00423886
1.38820972 -0.00279517
1.39050808 -0.00423852
1.39280644 -0.00277538
1.39510480 -0.00419578
1.39740316 -0.00272225
1.39970152 -0.00413889
1.40199988 -0.00266391
1.40429824 -0.00409266
1.40659660 -0.00263474
1.40889496 -0.00407920
1.41119332 -0.00263149
1.41349168 -0.00408204
1.41579004 -0.00264872
1.41808840 -0.00409645
1.42038676 -0.00266591
1.42268513 -0.00410453
1.42498349 -0.00267815
1.42728185 -0.00410023
1.42958021 -0.00267578
1.43187857 -0.00408975
1.43417693 -0.00266259
1.43647529 -0.00407526
1.43877365 -0.00265239
1.44107201 -0.00406755
1.44337037 -0.00264841
1.44566873 -0.00406726
1.44796709 -0.00264341
1.45026545 -0.00406354
1.45256381 -0.00263810
1.45486217 -0.00405279
1.45716053 -0.00263444
1.45945889 -0.00404662
1.46175725 -0.00263257
1.46405561 -0.00404796
1.46635397 -0.00262991
1.46865233 -0.00404265
1.47095069 -0.00261957
1.47324906 -0.00403216
1.47554742 -0.00260452
1.47784578 -0.00401707
1.48014414 -0.00259134
1.48244250 -0.00400635
1.48474086 -0.00258316
1.48703922 -0.00399793
1.48933758 -0.00257533
1.49163594 -0.00399009
1.49393430 -0.00256720
1.49623266 -0.00398162
1.49853102 -0.00255928
1.50082938 -0.00397321
1.50312774 -0.00255217
1.50542610 -0.00396636
1.50772446 -0.00254511
1.51002282 -0.00395868
1.51232118 -0.00253751
1.51461954 -0.00395072
1.51691790 -0.00253024
1.51921626 -0.00394371
1.52151462 -0.00252399
1.52381299 -0.00393785
1.52611135 -0.00251890
1.52840971 -0.00393354
1.53070807 -0.00251477
1.53300643 -0.00392794
1.53530479 -0.00251042
1.53760315 -0.00392243
1.53990151 -0.00250527
1.54219987 -0.00391636
1.54449823 -0.00249900
1.54679659 -0.00390963
1.54909495 -0.00249286
1.55139331 -0.00390283
1.55369167 -0.00248666
1.55599003 -0.00389650
1.55828839 -0.00248121
1.56058675 -0.00389114
1.56288511 -0.00247636
1.56518347 -0.00388561
1.56748183 -0.00247214
1.56978019 -0.00388075
1.57207856 -0.00246752
1.57437692 -0.00387625
1.57667528 -0.00246316
1.57897364 -0.00387132
1.58127200 -0.00245834
1.58357036 -0.00386575
1.58586872 -0.00245259
1.58816708 -0.00385962
1.59046544 -0.00244648
1.59276380 -0.00385415
1.59506216 -0.00244121
1.59736052 -0.00384904
1.59965888 -0.00243684
1.60195724 -0.00384428
1.60425560 -0.00243192
1.60655396 -0.00383952
1.60885232 -0.00242713
1.61115068 -0.00383433
1.61344904 -0.00242289
1.61574740 -0.00383012
1.61804576 -0.00241904
1.62034412 -0.00382580
1.62264249 -0.00241496
1.62494085 -0.00382143
1.62723921 -0.00241015
1.62953757 -0.00381591
1.63183593 -0.00240450
1.63413429 -0.00380987
1.63643265 -0.00239804
1.63873101 -0.00380314
1.64102937 -0.00239158
1.64332773 -0.00379703
1.64562609 -0.00238655
1.64792445 -0.00379237
1.65022281 -0.00238278
1.65252117 -0.00378866
1.65481953 -0.00237966
1.65711789 -0.00378474
1.65941625 -0.00237555
1.66171461 -0.00377990
1.66401297 -0.00237038
1.66631133 -0.00377425
1.66860969 -0.00236532
1.67090805 -0.00376869
1.67320642 -0.00236029
1.67550478 -0.00376486
1.67780314 -0.00235713
1.68010150 -0.00376256
1.68239986 -0.00235575
1.68469822 -0.00376199
1.68699658 -0.00235522
1.68929494 -0.00376103
1.69159330 -0.00235333
1.69389166 -0.00375832
1.69619002 -0.00234885
1.69848838 -0.00375279
1.70078674 -0.00234286
1.70308510 -0.00374561
1.70538346 -0.00233649
1.70768182 -0.00373946
1.70998018 -0.00233132
1.71227854 -0.00373519
1.71457690 -0.00232661
1.71687526 -0.00373085
1.71917362 -0.00232184
1.72147199 -0.00372517
1.72377035 -0.00231636
1.72606871 -0.00371973
1.72836707 -0.00231114
1.73066543 -0.00371425
1.73296379 -0.00230631
1.73526215 -0.00370913
1.73756051 -0.00230135
1.73985887 -0.00370361
1.74215723 -0.00229669
1.74445559 -0.00369968
1.74675395 -0.00229443
1.74905231 -0.00369794
1.75135067 -0.00229383
1.75364903 -0.00369618
1.75594739 -0.00229214
1.75824575 -0.00369207
1.76054411 -0.00228711
1.76284247 -0.00368562
1.76514083 -0.00228123
1.76743919 -0.00367962
1.76973755 -0.00227719
1.77203592 -0.00367698
1.77433428 -0.00227534
1.77663264 -0.00367613
1.77893100 -0.00227362
1.78122936 -0.00367335
1.78352772 -0.00227013
1.78582608 -0.00366982
1.78812444 -0.00226626
1.79042280 -0.00366629
1.79272116 -0.00226498
1.79501952 -0.00366564
1.79731788 -0.00226512
1.79961624 -0.00366504
1.80191460 -0.00226421
1.80421296 -0.00366131
1.80651132 -0.00225920
1.80880968 -0.00365365
1.81110804 -0.00224994
1.81340640 -0.00364432
1.81570476 -0.00224128
1.81800312 -0.00363768
1.82030148 -0.00223655
1.82259985 -0.00363407
1.82489821 -0.00223491
1.82719657 -0.00363249
1.82949493 -0.00223259
1.83179329 -0.00362903
1.83409165 -0.00222722
1.83639001 -0.00362270
1.83868837 -0.00222151
1.84098673 -0.00361589
1.84328509 -0.00221749
1.84558345 -0.00361225
1.84788181 -0.00221516
1.85018017 -0.00361107
1.85247853 -0.00221504
1.85477689 -0.00360955
1.85707525 -0.00221379
1.85937361 -0.00360738
1.86167197 -0.00221049
1.86397033 -0.00360403
1.86626869 -0.00220608
1.86856705 -0.00359963
1.87086542 -0.00220204
1.87316378 -0.00359468
1.87546214 -0.00219850
1.87776050 -0.00359109
1.88005886 -0.00219628
1.88235722 -0.00358927
1.88465558 -0.00219501
1.88695394 -0.00358898
1.88925230 -0.00219474
1.89155066 -0.00358840
1.89384902 -0.00219360
1.89614738 -0.00358705
1.89844574 -0.00219100
1.90074410 -0.00358419
1.90304246 -0.00218840
1.90534082 -0.00358065
1.90763918 -0.00218565
1.90993754 -0.00357785
1.91223590 -0.00218340
1.91453426 -0.00357443
1.91683262 -0.00218063
1.91913098 -0.00357111
1.92142935 -0.00217682
1.92372771 -0.00356694
1.92602607 -0.00217268
1.92832443 -0.00356337
1.93062279 -0.00216893
1.93292115 -0.00356000
1.93521951 -0.00216631
1.93751787 -0.00355719
1.93981623 -0.00216385
1.94211459 -0.00355378
1.94441295 -0.00216075
1.94671131 -0.00354925
1.94900967 -0.00215626
1.95130803 -0.00354446
1.95360639 -0.00215178
1.95590475 -0.00353984
1.95820311 -0.00214859
1.96050147 -0.00353708
1.96279983 -0.00214631
1.96509819 -0.00353498
1.96739655 -0.00214466
1.96969491 -0.00353299
1.97199328 -0.00214269
1.97429164 -0.00353104
1.97659000 -0.00214095
1.97888836 -0.00352873
1.98118672 -0.00213927
1.98348508 -0.00352714
1.98578344 -0.00213746
1.98808180 -0.00352444
1.99038016 -0.00213580
1.99267852 -0.00352158
1.99497688 -0.00213340
1.99727524 -0.00351852
1.99957360 -0.00213052
2.00187196 -0.00351510
2.00417032 -0.00212739
2.00646868 -0.00351149
2.00876704 -0.00212379
2.01106540 -0.00350732
2.01336376 -0.00211979
2.01566212 -0.00350312
2.01796048 -0.00211591
2.02025884 -0.00349897
2.02255721 -0.00211326
2.02485557 -0.00349616
2.02715393 -0.00211219
2.02945229 -0.00349474
2.03175065 -0.00211130
2.03404901 -0.00349275
2.03634737 -0.00210941
2.03864573 -0.00348881
2.04094409 -0.00210569
2.04324245 -0.00348405
2.04554081 -0.00210180
2.04783917 -0.00348045
2.05013753 -0.00209941
2.05243589 -0.00347843
2.05473425 -0.00209830
2.05703261 -0.00347715
2.05933097 -0.00209746
2.06162933 -0.00347547
2.06392769 -0.00209568
2.06622605 -0.00347295
2.06852441 -0.00209311
2.07082278 -0.00346939
2.07312114 -0.00208934
2.07541950 -0.00346464
2.07771786 -0.00208531
2.08001622 -0.00346043
2.08231458 -0.00208246
2.08461294 -0.00345790
2.08691130 -0.00208151
2.08920966 -0.00345734
2.09150802 -0.00208166
2.09380638 -0.00345658
2.09610474 -0.00208039
2.09840310 -0.00345448
2.10070146 -0.00207734
2.10299982 -0.00345118
2.10529818 -0.00207378
2.10759654 -0.00344752
2.10989490 -0.00207135
2.11219326 -0.00344506
2.11449162 -0.00206960
2.11678998 -0.00344333
2.11908834 -0.00206849
2.12138671 -0.00344180
2.12368507 -0.00206711
2.12598343 -0.00343997
2.12828179 -0.00206571
2.13058015 -0.00343781
2.13287851 -0.00206345
2.13517687 -0.00343542
2.13747523 -0.00206074
2.13977359 -0.00343207
2.14207195 -0.00205780
2.14437031 -0.00342833
2.14666867 -0.00205471
2.14896703 -0.00342484
2.15126539 -0.00205195
2.15356375 -0.00342154
2.15586211 -0.00204907
2.15816047 -0.00341850
2.16045883 -0.00204660
2.16275719 -0.00341556
2.16505555 -0.00204450
2.16735391 -0.00341356
2.16965227 -0.00204334
2.17195064 -0.00341304
2.17424900 -0.00204300
2.17654736 -0.00341230
2.17884572 -0.00204286
2.18114408 -0.00341128
2.18344244 -0.00204193
2.18574080 -0.00340939
2.18803916 -0.00204017
2.19033752 -0.00340757
2.19263588 -0.00203897
2.19493424 -0.00340550
2.19723260 -0.00203748
2.19953096 -0.00340310
2.20182932 -0.00203535
2.20412768 -0.00340023
2.20642604 -0.00203162
2.20872440 -0.00339590
2.21102276 -0.00202769
2.21332112 -0.00339168
2.21561948 -0.00202350
2.21791784 -0.00338778
2.22021621 -0.00202036
2.22251457 -0.00338537
2.22481293 -0.00201868
2.22711129 -0.00338447
2.22940965 -0.00201898
2.23170801 -0.00338456
2.23400637 -0.00201992
2.23630473 -0.00338429
2.23860309 -0.00201925
2.24090145 -0.00338223
2.24319981 -0.00201644
2.24549817 -0.00337830
2.24779653 -0.00201257
2.25009489 -0.00337419
2.25239325 -0.00200955
2.25469161 -0.00337122
2.25698997 -0.00200767
2.25928833 -0.00336980
2.26158669 -0.00200632
2.26388505 -0.00336863
2.26618341 -0.00200501
2.26848177 -0.00336688
2.27078014 -0.00200366
2.27307850 -0.00336541
2.27537686 -0.00200252
2.27767522 -0.00336415
2.27997358 -0.00200172
2.28227194 -0.00336239
2.28457030 -0.00200004
2.28686866 -0.00335942
2.28916702 -0.00199668
2.29146538 -0.00335522
2.29376374 -0.00199280
2.29606210 -0.00335137
2.29836046 -0.00198917
2.30065882 -0.00334814
2.30295718 -0.00198669
2.30525554 -0.00334583
2.30755390 -0.00198485
2.30985226 -0.00334368
2.31215062 -0.00198332
2.31444898 -0.00334190
2.31674734 -0.00198188
2.31904570 -0.00334047
2.32134407 -0.00198020
2.32364243 -0.00333920
2.32594079 -0.00197972
2.32823915 -0.00333784
2.33053751 -0.00197952
2.33283587 -0.00333656
2.33513423 -0.00197842
2.33743259 -0.00333474
2.33973095 -0.00197619
2.34202931 -0.00333213
2.34432767 -0.00197441
2.34662603 -0.00333042
2.34892439 -0.00197418
2.35122275 -0.00333033
2.35352111 -0.00197417
2.35581947 -0.00332982
2.35811783 -0.00197273
2.36041619 -0.00332626
2.36271455 -0.00196939
2.36501291 -0.00332141
2.36731127 -0.00196517
2.36960963 -0.00331741
2.37190800 -0.00196222
2.37420636 -0.00331515
2.37650472 -0.00196079
2.37880308 -0.00331350
2.38110144 -0.00196015
2.38339980 -0.00331230
2.38569816 -0.00195939
2.38799652 -0.00331108
2.39029488 -0.00195805
2.39259324 -0.00330864
2.39489160 -0.00195602
2.39718996 -0.00330549
2.39948832 -0.00195305
2.40178668 -0.00330206
2.40408504 -0.00195090
2.40638340 -0.00329995
2.40868176 -0.00194977
2.41098012 -0.00329874
2.41327848 -0.00194893
2.41557684 -0.00329723
2.41787520 -0.00194709
2.42017357 -0.00329445
2.42247193 -0.00194372
2.42477029 -0.00329098
2.42706865 -0.00194091
2.42936701 -0.00328800
2.43166537 -0.00193912
2.43396373 -0.00328608
2.43626209 -0.00193846
2.43856045 -0.00328450
2.44085881 -0.00193731
2.44315717 -0.00328265
2.44545553 -0.00193576
2.44775389 -0.00328054
2.45005225 -0.00193428
2.45235061 -0.00327901
2.45464897 -0.00193315
2.45694733 -0.00327789
2.45924569 -0.00193247
2.46154405 -0.00327676
2.46384241 -0.00193161
2.46614077 -0.00327571
2.46843913 -0.00193142
2.47073750 -0.00327514
2.47303586 -0.00193126
2.47533422 -0.00327503
2.47763258 -0.00193105
2.47993094 -0.00327402
2.48222930 -0.00193009
2.48452766 -0.00327240
2.48682602 -0.00192850
2.48912438 -0.00327029
2.49142274 -0.00192714
2.49372110 -0.00326800
2.49601946 -0.00192537
2.49831782 -0.00326550
2.50061618 -0.00192292
2.50291454 -0.00326272
2.50521290 -0.00192049
2.50751126 -0.00326058
2.50980962 -0.00191871
2.51210798 -0.00325906
2.51440634 -0.00191742
2.51670470 -0.00325731
2.51900306 -0.00191591
2.52130143 -0.00325465
2.52359979 -0.00191330
2.52589815 -0.00325132
2.52819651 -0.00191060
2.53049487 -0.00324780
2.53279323 -0.00190792
2.53509159 -0.00324509
2.53738995 -0.00190625
2.53968831 -0.00324319
2.54198667 -0.00190558
2.54428503 -0.00324237
2.54658339 -0.00190500
2.54888175 -0.00324116
2.55118011 -0.00190381
2.55347847 -0.00323888
2.55577683 -0.00190168
2.55807519 -0.00323658
2.56037355 -0.00190011
2.56267191 -0.00323520
2.56497027 -0.00189996
2.56726863 -0.00323541
2.56956700 -0.00190048
2.57186536 -0.00323534
2.57416372 -0.00190079
2.57646208 -0.00323425
2.57876044 -0.00189973
2.58105880 -0.00323220
2.58335716 -0.00189729
2.58565552 -0.00322903
2.58795388 -0.00189427
2.59025224 -0.00322573
2.59255060 -0.00189128
2.59484896 -0.00322316
2.59714732 -0.00188961
2.59944568 -0.00322211
2.60174404 -0.00188905
2.60404240 -0.00322128
2.60634076 -0.00188855
2.60863912 -0.00321947
2.61093748 -0.00188659
2.61323584 -0.00321643
2.61553420 -0.00188332
2.61783256 -0.00321279
2.62013093 -0.00188069
2.62242929 -0.00321015
2.62472765 -0.00187912
2.62702601 -0.00320891
2.62932437 -0.00187862
2.63162273 -0.00320795
2.63392109 -0.00187793
2.63621945 -0.00320674
2.63851781 -0.00187704
2.64081617 -0.00320522
2.64311453 -0.00187604
2.64541289 -0.00320433
2.64771125 -0.00187583
2.65000961 -0.00320398
2.65230797 -0.00187580
2.65460633 -0.00320354
2.65690469 -0.00187511
2.65920305 -0.00320226
2.66150141 -0.00187352
2.66379977 -0.00319972
2.66609813 -0.00187160
2.66839649 -0.00319723
2.67069486 -0.00186948
2.67299322 -0.00319504
2.67529158 -0.00186734
2.67758994 -0.00319244
2.67988830 -0.00186500
2.68218666 -0.00318954
2.68448502 -0.00186233
2.68678338 -0.00318703
2.68908174 -0.00186011
2.69138010 -0.00318514
2.69367846 -0.00185834
2.69597682 -0.00318351
2.69827518 -0.00185691
2.70057354 -0.00318179
2.70287190 -0.00185568
2.70517026 -0.00318055
2.70746862 -0.00185464
2.70976698 -0.00317942
2.71206534 -0.00185415
2.71436370 -0.00317894
2.71666206 -0.00185363
2.71896043 -0.00317796
2.72125879 -0.00185296
2.72355715 -0.00317676
2.72585551 -0.00185181
2.72815387 -0.00317504
2.73045223 -0.00185026
2.73275059 -0.00317338
2.73504895 -0.00184859
2.73734731 -0.00317163
2.73964567 -0.00184663
2.74194403 -0.00316930
2.74424239 -0.00184452
2.74654075 -0.00316696
2.74883911 -0.00184226
2.75113747 -0.00316455
2.75343583 -0.00184057
2.75573419 -0.00316279
2.75803255 -0.00183907
2.76033091 -0.00316129
2.76262927 -0.00183824
2.76492763 -0.00316025
2.76722599 -0.00183757
2.76952436 -0.00315927
2.77182272 -0.00183665
2.77412108 -0.00315783
2.77641944 -0.00183517
2.77871780 -0.00315601
2.78101616 -0.00183312
2.78331452 -0.00315376
2.78561288 -0.00183160
2.78791124 -0.00315171
2.79020960 -0.00182996
2.79250796 -0.00314949
2.79480632 -0.00182821
2.79710468 -0.00314728
2.79940304 -0.00182628
2.80170140 -0.00314518
2.80399976 -0.00182512
2.80629812 -0.00314368
2.80859648 -0.00182445
2.81089484 -0.00314276
2.81319320 -0.00182332
2.81549156 -0.00314104
2.81778992 -0.00182207
2.82008829 -0.00313866
2.82238665 -0.00182023
2.82468501 -0.00313623
2.82698337 -0.00181886
2.82928173 -0.00313434
2.83158009 -0.00181739
2.83387845 -0.00313257
2.83617681 -0.00181625
2.83847517 -0.00313048
2.84077353 -0.00181448
2.84307189 -0.00312815
2.84537025 -0.00181259
2.84766861 -0.00312613
2.84996697 -0.00181127
2.85226533 -0.00312492
2.85456369 -0.00181114
2.85686205 -0.00312511
2.85916041 -0.00181216
2.86145877 -0.00312548
2.86375713 -0.00181273
2.86605549 -0.00312484
2.86835385 -0.00181220
2.87065222 -0.00312296
2.87295058 -0.00181008
2.87524894 -0.00312018
2.87754730 -0.00180781
2.87984566 -0.00311753
2.88214402 -0.00180556
2.88444238 -0.00311571
2.88674074 -0.00180397
2.88903910 -0.00311382
2.89133746 -0.00180234
2.89363582 -0.00311173
2.89593418 -0.00180054
2.89823254 -0.00310956
2.90053090 -0.00179903
2.90282926 -0.00310789
2.90512762 -0.00179861
2.90742598 -0.00310739
2.90972434 -0.00179863
2.91202270 -0.00310643
2.91432106 -0.00179789
2.91661942 -0.00310472
2.91891779 -0.00179607
2.92121615 -0.00310188
2.92351451 -0.00179362
2.92581287 -0.00309930
2.92811123 -0.00179179
2.93040959 -0.00309731
2.93270795 -0.00179058
2.93500631 -0.00309616
2.93730467 -0.00179017
2.93960303 -0.00309587
2.94190139 -0.00179013
2.94419975 -0.00309554
2.94649811 -0.00179053
2.94879647 -0.00309484
2.95109483 -0.00179030
2.95339319 -0.00309313
2.95569155 -0.00178857
2.95798991 -0.00309064
2.96028827 -0.00178624
2.96258663 -0.00308772
2.96488499 -0.00178372
2.96718335 -0.00308530
2.96948172 -0.00178204
2.97178008 -0.00308377
2.97407844 -0.00178061
2.97637680 -0.00308225
2.97867516 -0.00177912
2.98097352 -0.00307989
2.98327188 -0.00177764
2.98557024 -0.00307721
2.98786860 -0.00177573
2.99016696 -0.00307562
2.99246532 -0.00177478
2.99476368 -0.00307493
2.99706204 -0.00177455
2.99936040 -0.00307482
3.00165876 -0.00177440
3.00395712 -0.00307398
3.00625548 -0.00177352
3.00855384 -0.00307241
3.01085220 -0.00177186
3.01315056 -0.00307044
3.01544892 -0.00177062
3.01774728 -0.00306832
3.02004565 -0.00176915
3.02234401 -0.00306640
3.02464237 -0.00176709
3.02694073 -0.00306389
3.02923909 -0.00176490
3.03153745 -0.00306145
3.03383581 -0.00176310
3.03613417 -0.00306052
3.03843253 -0.00176278
3.04073089 -0.00306047
3.04302925 -0.00176309
3.04532761 -0.00306030
3.04762597 -0.00176298
3.04992433 -0.00305873
3.05222269 -0.00176166
3.05452105 -0.00305660
3.05681941 -0.00175983
3.05911777 -0.00305432
3.06141613 -0.00175838
3.06371449 -0.00305259
3.06601285 -0.00175711
3.06831122 -0.00305160
3.07060958 -0.00175611
3.07290794 -0.00305052
3.07520630 -0.00175544
3.07750466 -0.00304979
3.07980302 -0.00175474
3.08210138 -0.00304832
3.08439974 -0.00175410
3.08669810 -0.00304641
3.08899646 -0.00175214
3.09129482 -0.00304349
3.09359318 -0.00174943
3.09589154 -0.00304013
3.09818990 -0.00174683
3.10048826 -0.00303760
3.10278662 -0.00174506
3.10508498 -0.00303565
3.10738334 -0.00174397
3.10968170 -0.00303416
3.11198006 -0.00174239
3.11427842 -0.00303194
3.11657678 -0.00174069
3.11887515 -0.00302931
3.12117351 -0.00173868
3.12347187 -0.00302705
3.12577023 -0.00173688
3.12806859 -0.00302510
3.13036695 -0.00173582
3.13266531 -0.00302382
3.13496367 -0.00173543
3.13726203 -0.00302303
3.13956039 -0.00173558
3.14185875 -0.00302260
3.14415711 -0.00173550
3.14645547 -0.00302197
3.14875383 -0.00173533
3.15105219 -0.00302115
3.15335055 -0.00173461
3.15564891 -0.00302014
3.15794727 -0.00173330
3.16024563 -0.00301847
3.16254399 -0.00173214
3.16484235 -0.00301691
3.16714071 -0.00173126
3.16943908 -0.00301596
3.17173744 -0.00173129
3.17403580 -0.00301578
3.17633416 -0.00173151
3.17863252 -0.00301515
3.18093088 -0.00173085
3.18322924 -0.00301309
3.18552760 -0.00172875
3.18782596 -0.00300990
3.19012432 -0.00172540
3.19242268 -0.00300650
3.19472104 -0.00172248
3.19701940 -0.00300349
3.19931776 -0.00172060
3.20161612 -0.00300146
3.20391448 -0.00171944
3.20621284 -0.00300021
3.20851120 -0.00171846
3.21080956 -0.00299875
3.21310792 -0.00171785
3.21540628 -0.00299739
3.21770464 -0.00171760
3.22000301 -0.00299604
3.22230137 -0.00171733
3.22459973 -0.00299499
3.22689809 -0.00171623
3.22919645 -0.00299337
3.23149481 -0.00171486
3.23379317 -0.00299093
3.23609153 -0.00171313
3.23838989 -0.00298872
3.24068825 -0.00171154
3.24298661 -0.00298668
3.24528497 -0.00170994
3.24758333 -0.00298465
3.24988169 -0.00170868
3.25218005 -0.00298245
3.25447841 -0.00170795
3.25677677 -0.00298091
3.25907513 -0.00170707
3.26137349 -0.00297988
3.26367185 -0.00170655
3.26597021 -0.00297814
3.26826858 -0.00170546
3.27056694 -0.00297596
3.27286530 -0.00170380
3.27516366 -0.00297402
3.27746202 -0.00170260
3.27976038 -0.00297321
3.28205874 -0.00170266
3.28435710 -0.00297277
3.28665546 -0.00170307
3.28895382 -0.00297173
3.29125218 -0.00170203
3.29355054 -0.00296950
3.29584890 -0.00169951
3.29814726 -0.00296625
3.30044562 -0.00169723
3.30274398 -0.00296367
3.30504234 -0.00169583
3.30734070 -0.00296241
3.30963906 -0.00169523
3.31193742 -0.00296161
3.31423578 -0.00169474
3.31653414 -0.00296038
3.31883251 -0.00169355
3.32113087 -0.00295851
3.32342923 -0.00169240
3.32572759 -0.00295732
3.32802595 -0.00169143
3.33032431 -0.00295661
3.33262267 -0.00169075
3.33492103 -0.00295544
3.33721939 -0.00168933
3.33951775 -0.00295276
3.34181611 -0.00168686
3.34411447 -0.00294931
3.34641283 -0.00168393
3.34871119 -0.00294643
3.35100955 -0.00168172
3.35330791 -0.00294473
3.35560627 -0.00168125
3.35790463 -0.00294472
3.36020299 -0.00168167
3.36250135 -0.00294528
3.36479971 -0.00168210
3.36709807 -0.00294516
3.36939644 -0.00168167
3.37169480 -0.00294347
3.37399316 -0.00168041
3.37629152 -0.00294089
3.37858988 -0.00167838
3.38088824 -0.00293807
3.38318660 -0.00167607
3.38548496 -0.00293537
3.38778332 -0.00167361
3.39008168 -0.00293254
3.39238004 -0.00167160
3.39467840 -0.00293029
3.39697676 -0.00166994
3.39927512 -0.00292875
3.40157348 -0.00166954
3.40387184 -0.00292818
3.40617020 -0.00166949
3.40846856 -0.00292752
3.41076692 -0.00166896
3.41306528 -0.00292595
3.41536364 -0.00166755
3.41766201 -0.00292407
3.41996037 -0.00166574
3.42225873 -0.00292227
3.42455709 -0.00166513
3.42685545 -0.00292093
3.42915381 -0.00166381
3.43145217 -0.00291924
3.43375053 -0.00166231
3.43604889 -0.00291692
3.43834725 -0.00166026
3.44064561 -0.00291463
3.44294397 -0.00165881
3.44524233 -0.00291308
3.44754069 -0.00165783
3.44983905 -0.00291205
3.45213741 -0.00165709
3.45443577 -0.00291115
3.45673413 -0.00165673
3.45903249 -0.00291018
3.46133085 -0.00165607
3.46362921 -0.00290918
3.46592757 -0.00165521
3.46822594 -0.00290739
3.47052430 -0.00165371
3.47282266 -0.00290492
3.47512102 -0.00165165
3.47741938 -0.00290187
3.47971774 -0.00164934
3.48201610 -0.00289895
3.48431446 -0.00164726
3.48661282 -0.00289673
3.48891118 -0.00164594
3.49120954 -0.00289536
3.49350790 -0.00164583
3.49580626 -0.00289446
3.49810462 -0.00164569
3.50040298 -0.00289347
3.50270134 -0.00164481
3.50499970 -0.00289140
3.50729806 -0.00164301
3.50959642 -0.00288889
3.51189478 -0.00164111
3.51419314 -0.00288655
3.51649150 -0.00164013
3.51878987 -0.00288539
3.52108823 -0.00163998
3.52338659 -0.00288482
3.52568495 -0.00164040
3.52798331 -0.00288405
3.53028167 -0.00164010
3.53258003 -0.00288227
3.53487839 -0.00163835
3.53717675 -0.00287933
3.53947511 -0.00163608
3.54177347 -0.00287605
3.54407183 -0.00163375
3.54637019 -0.00287351
3.54866855 -0.00163220
3.55096691 -0.00287152
3.55326527 -0.00163110
3.55556363 -0.00286966
3.55786199 -0.00162991
3.56016035 -0.00286813
3.56245871 -0.00162889
3.56475707 -0.00286692
3.56705543 -0.00162875
3.56935380 -0.00286616
3.57165216 -0.00162889
3.57395052 -0.00286527
3.57624888 -0.00162873
3.57854724 -0.00286367
3.58084560 -0.00162741
3.58314396 -0.00286108
3.58544232 -0.00162525
3.58774068 -0.00285804
3.59003904 -0.00162259
3.59233740 -0.00285523
3.59463576 -0.00162045
3.59693412 -0.00285306
3.59923248 -0.00161950
3.60153084 -0.00285203
3.60382920 -0.00161915
3.60612756 -0.00285105
3.60842592 -0.00161884
3.61072428 -0.00284954
3.61302264 -0.00161788
3.61532100 -0.00284765
3.61761937 -0.00161638
3.61991773 -0.00284569
3.62221609 -0.00161514
3.62451445 -0.00284364
3.62681281 -0.00161382
3.62911117 -0.00284131
3.63140953 -0.00161258
3.63370789 -0.00283940
3.63600625 -0.00161162
3.63830461 -0.00283790
3.64060297 -0.00161115
3.64290133 -0.00283642
3.64519969 -0.00161036
3.64749805 -0.00283440
3.64979641 -0.00160847
3.65209477 -0.00283185
3.65439313 -0.00160656
3.65669149 -0.00282954
3.65898985 -0.00160550
3.66128821 -0.00282840
3.66358657 -0.00160539
3.66588493 -0.00282743
3.66818330 -0.00160522
3.67048166 -0.00282603
3.67278002 -0.00160379
3.67507838 -0.00282352
3.67737674 -0.00160213
3.67967510 -0.00282119
3.68197346 -0.00160105
3.68427182 -0.00281944
3.68657018 -0.00160057
3.68886854 -0.00281825
3.69116690 -0.00159972
3.69346526 -0.00281675
3.69576362 -0.00159811
3.69806198 -0.00281439
3.70036034 -0.00159689
3.70265870 -0.00281276
3.70495706 -0.00159566
3.70725542 -0.00281168
3.70955378 -0.00159516
3.71185214 -0.00281034
3.71415050 -0.00159409
3.71644886 -0.00280817
3.71874723 -0.00159247
3.72104559 -0.00280576
3.72334395 -0.00159112
3.72564231 -0.00280433
3.72794067 -0.00159070
3.73023903 -0.00280294
3.73253739 -0.00159056
3.73483575 -0.00280116
3.73713411 -0.00158856
3.73943247 -0.00279783
3.74173083 -0.00158567
3.74402919 -0.00279428
3.74632755 -0.00158322
3.74862591 -0.00279155
3.75092427 -0.00158205
3.75322263 -0.00279005
3.75552099 -0.00158165
3.75781935 -0.00278909
3.76011771 -0.00158096
3.76241607 -0.00278757
3.76471443 -0.00158065
3.76701280 -0.00278610
3.76931116 -0.00157996
3.77160952 -0.00278450
3.77390788 -0.00157960
3.77620624 -0.00278289
3.77850460 -0.00157892
3.78080296 -0.00278075
3.78310132 -0.00157780
3.78539968 -0.00277874
3.78769804 -0.00157637
3.78999640 -0.00277672
3.79229476 -0.00157526
3.79459312 -0.00277473
3.79689148 -0.00157397
3.79918984 -0.00277236
3.80148820 -0.00157192
3.80378656 -0.00276938
3.80608492 -0.00156976
3.80838328 -0.00276635
3.81068164 -0.00156835
3.81298000 -0.00276422
3.81527836 -0.00156824
3.81757673 -0.00276396
3.81987509 -0.00156827
3.82217345 -0.00276400
3.82447181 -0.00156927
3.82677017 -0.00276362
3.82906853 -0.00156928
3.83136689 -0.00276201
3.83366525 -0.00156809
3.83596361 -0.00275944
3.83826197 -0.00156559
3.84056033 -0.00275556
3.84285869 -0.00156269
3.84515705 -0.00275156
3.84745541 -0.00156025
3.84975377 -0.00274833
3.85205213 -0.00155800
3.85435049 -0.00274601
3.85664885 -0.00155711
3.85894721 -0.00274454
3.86124557 -0.00155668
3.86354393 -0.00274361
3.86584229 -0.00155675
3.86814066 -0.00274281
3.87043902 -0.00155636
3.87273738 -0.00274136
3.87503574 -0.00155529
3.87733410 -0.00273899
3.87963246 -0.00155347
3.88193082 -0.00273607
3.88422918 -0.00155126
3.88652754 -0.00273272
3.88882590 -0.00154942
3.89112426 -0.00273009
3.89342262 -0.00154794
3.89572098 -0.00272791
3.89801934 -0.00154700
3.90031770 -0.00272663
3.90261606 -0.00154634
3.90491442 -0.00272512
3.90721278 -0.00154549
3.90951114 -0.00272347
3.91180950 -0.00154418
3.91410786 -0.00272159
3.91640623 -0.00154244
3.91870459 -0.00271925
3.92100295 -0.00154120
3.92330131 -0.00271723
3.92559967 -0.00153993
3.92789803 -0.00271526
3.93019639 -0.00153900
3.93249475 -0.00271356
3.93479311 -0.00153817
3.93709147 -0.00271219
3.93938983 -0.00153787
3.94168819 -0.00271106
3.94398655 -0.00153776
3.94628491 -0.00271000
3.94858327 -0.00153707
3.95088163 -0.00270822
3.95317999 -0.00153548
3.95547835 -0.00270603
3.95777671 -0.00153358
3.96007507 -0.00270404
3.96237343 -0.00153234
3.96467179 -0.00270245
3.96697016 -0.00153158
3.96926852 -0.00270098
3.97156688 -0.00153071
3.97386524 -0.00269927
3.97616360 -0.00152956
3.97846196 -0.00269743
3.98076032 -0.00152884
3.98305868 -0.00269578
3.98535704 -0.00152831
3.98765540 -0.00269431
3.98995376 -0.00152721
3.99225212 -0.00269233
3.99455048 -0.00152522
3.99684884 -0.00268937
3.99914720 -0.00152264
4.00144556 -0.00268556
4.00374392 -0.00151962
4.00604228 -0.00268185
4.00834064 -0.00151711
4.01063900 -0.00267926
4.01293736 -0.00151575
4.01523572 -0.00267793
4.01753409 -0.00151554
4.01983245 -0.00267679
4.02213081 -0.00151558
4.02442917 -0.00267518
4.02672753 -0.00151439
4.02902589 -0.00267303
4.03132425 -0.00151316
4.03362261 -0.00267081
4.03592097 -0.00151192
4.03821933 -0.00266901
4.04051769 -0.00151115
4.04281605 -0.00266699
4.04511441 -0.00151022
4.04741277 -0.00266520
4.04971113 -0.00150872
4.05200949 -0.00266306
4.05430785 -0.00150764
4.05660621 -0.00266094
4.05890457 -0.00150676
4.06120293 -0.00265923
4.06350129 -0.00150609
4.06579965 -0.00265732
4.06809802 -0.00150473
4.07039638 -0.00265477
4.07269474 -0.00150239
4.07499310 -0.00265111
4.07729146 -0.00149959
4.07958982 -0.00264777
4.08188818 -0.00149728
4.08418654 -0.00264553
4.08648490 -0.00149622
4.08878326 -0.00264403
4.09108162 -0.00149606
4.09337998 -0.00264328
4.09567834 -0.00149612
4.09797670 -0.00264222
4.10027506 -0.00149593
4.10257342 -0.00264054
4.10487178 -0.00149494
4.10717014 -0.00263787
4.10946850 -0.00149260
4.11176686 -0.00263444
4.11406522 -0.00148947
4.11636359 -0.00263080
4.11866195 -0.00148661
4.12096031 -0.00262729
4.12325867 -0.00148467
4.12555703 -0.00262502
4.12785539 -0.00148378
4.13015375 -0.00262373
4.13245211 -0.00148373
4.13475047 -0.00262285
4.13704883 -0.00148377
4.13934719 -0.00262169
4.14164555 -0.00148307
4.14394391 -0.00261972
4.14624227 -0.00148155
4.14854063 -0.00261717
4.15083899 -0.00147962
4.15313735 -0.00261455
4.15543571 -0.00147808
4.15773407 -0.00261222
4.16003243 -0.00147705
4.16233079 -0.00261015
4.16462915 -0.00147571
4.16692752 -0.00260775
4.16922588 -0.00147399
4.17152424 -0.00260528
4.17382260 -0.00147205
4.17612096 -0.00260321
4.17841932 -0.00147131
4.18071768 -0.00260184
4.18301604 -0.00147161
4.18531440 -0.00260137
4.18761276 -0.00147187
4.18991112 -0.00260035
4.19220948 -0.00147154
4.19450784 -0.00259823
4.19680620 -0.00146972
4.19910456 -0.00259524
4.20140292 -0.00146711
4.20370128 -0.00259199
4.20599964 -0.00146476
4.20829800 -0.00258947
4.21059636 -0.00146304
4.21289472 -0.00258750
4.21519308 -0.00146246
4.21749145 -0.00258608
4.21978981 -0.00146194
4.22208817 -0.00258486
4.22438653 -0.00146159
4.22668489 -0.00258342
4.22898325 -0.00146092
4.23128161 -0.00258173
4.23357997 -0.00145942
4.23587833 -0.00257965
4.23817669 -0.00145752
4.24047505 -0.00257682
4.24277341 -0.00145537
4.24507177 -0.00257415
4.24737013 -0.00145331
4.24966849 -0.00257173
4.25196685 -0.00145159
4.25426521 -0.00256930
4.25656357 -0.00144985
4.25886193 -0.00256654
4.26116029 -0.00144773
4.26345865 -0.00256345
4.26575702 -0.00144556
4.26805538 -0.00256074
4.27035374 -0.00144361
4.27265210 -0.00255835
4.27495046 -0.00144267
4.27724882 -0.00255664
4.27954718 -0.00144204
4.28184554 -0.00255541
4.28414390 -0.00144167
4.28644226 -0.00255398
4.28874062 -0.00144099
4.29103898 -0.00255200
4.29333734 -0.00143952
4.29563570 -0.00254934
4.29793406 -0.00143776
4.30023242 -0.00254640
4.30253078 -0.00143594
4.30482914 -0.00254372
4.30712750 -0.00143439
4.30942586 -0.00254120
4.31172422 -0.00143311
4.31402258 -0.00253883
4.31632095 -0.00143209
4.31861931 -0.00253657
4.32091767 -0.00143094
4.32321603 -0.00253434
4.32551439 -0.00142934
4.32781275 -0.00253188
4.33011111 -0.00142797
4.33240947 -0.00253002
4.33470783 -0.00142759
4.33700619 -0.00252923
4.33930455 -0.00142793
4.34160291 -0.00252870
4.34390127 -0.00142782
4.34619963 -0.00252705
4.34849799 -0.00142659
4.35079635 -0.00252402
4.35309471 -0.00142462
4.35539307 -0.00252062
4.35769143 -0.00142209
4.35998979 -0.00251701
4.36228815 -0.00141906
4.36458651 -0.00251284
4.36688488 -0.00141601
4.36918324 -0.00250905
4.37148160 -0.00141362
4.37377996 -0.00250648
4.37607832 -0.00141247
4.37837668 -0.00250526
4.38067504 -0.00141248
4.38297340 -0.00250450
4.38527176 -0.00141234
4.38757012 -0.00250336
4.38986848 -0.00141170
4.39216684 -0.00250126
4.39446520 -0.00141011
4.39676356 -0.00249862
4.39906192 -0.00140819
4.40136028 -0.00249560
4.40365864 -0.00140633
4.40595700 -0.00249298
4.40825536 -0.00140476
4.41055372 -0.00249077
4.41285208 -0.00140363
4.41515044 -0.00248882
4.41744881 -0.00140288
4.41974717 -0.00248731
4.42204553 -0.00140177
4.42434389 -0.00248541
4.42664225 -0.00140041
4.42894061 -0.00248326
4.43123897 -0.00139902
4.43353733 -0.00248121
4.43583569 -0.00139800
4.43813405 -0.00247969
4.44043241 -0.00139775
4.44273077 -0.00247879
4.44502913 -0.00139734
4.44732749 -0.00247718
4.44962585 -0.00139664
4.45192421 -0.00247466
4.45422257 -0.00139456
4.45652093 -0.00247148
4.45881929 -0.00139161
4.46111765 -0.00246805
4.46341601 -0.00138902
4.46571438 -0.00246482
4.46801274 -0.00138734
4.47031110 -0.00246259
4.47260946 -0.00138659
4.47490782 -0.00246137
4.47720618 -0.00138586
4.47950454 -0.00245970
4.48180290 -0.00138461
4.48410126 -0.00245680
4.48639962 -0.00138230
4.48869798 -0.00245269
4.49099634 -0.00137906
4.49329470 -0.00244894
4.49559306 -0.00137630
4.49789142 -0.00244587
4.50018978 -0.00137511
4.50248814 -0.00244379
4.50478650 -0.00137432
4.50708486 -0.00244194
4.50938322 -0.00137333
4.51168158 -0.00243938
4.51397994 -0.00137130
4.51627831 -0.00243667
4.51857667 -0.00136938
4.52087503 -0.00243387
4.52317339 -0.00136815
4.52547175 -0.00243162
4.52777011 -0.00136695
4.53006847 -0.00242888
4.53236683 -0.00136519
4.53466519 -0.00242546
4.53696355 -0.00136279
4.53926191 -0.00242226
4.54156027 -0.00136099
4.54385863 -0.00241953
4.54615699 -0.00136033
4.54845535 -0.00241803
4.55075371 -0.00135955
4.55305207 -0.00241616
4.55535043 -0.00135831
4.55764879 -0.00241354
4.55994715 -0.00135666
4.56224551 -0.00241024
4.56454387 -0.00135495
4.56684224 -0.00240760
4.56914060 -0.00135374
4.57143896 -0.00240559
4.57373732 -0.00135287
4.57603568 -0.00240384
4.57833404 -0.00135234
4.58063240 -0.00240139
4.58293076 -0.00135080
4.58522912 -0.00239836
4.58752748 -0.00134879
4.58982584 -0.00239500
4.59212420 -0.00134670
4.59442256 -0.00239210
4.59672092 -0.00134542
4.59901928 -0.00239014
4.60131764 -0.00134476
4.60361600 -0.00238855
4.60591436 -0.00134441
4.60821272 -0.00238702
4.61051108 -0.00134381
4.61280944 -0.00238473
4.61510781 -0.00134249
4.61740617 -0.00238189
4.61970453 -0.00134043
4.62200289 -0.00237850
4.62430125 -0.00133828
4.62659961 -0.00237496
4.62889797 -0.00133583
4.63119633 -0.00237170
4.63349469 -0.00133336
4.63579305 -0.00236841
4.63809141 -0.00133127
4.64038977 -0.00236548
4.64268813 -0.00132989
4.64498649 -0.00236322
4.64728485 -0.00132908
4.64958321 -0.00236122
4.65188157 -0.00132823
4.65417993 -0.00235907
4.65647829 -0.00132692
4.65877665 -0.00235626
4.66107501 -0.00132544
4.66337337 -0.00235359
4.66567174 -0.00132393
4.66797010 -0.00235119
4.67026846 -0.00132251
4.67256682 -0.00234853
4.67486518 -0.00132086
4.67716354 -0.00234566
4.67946190 -0.00131912
4.68176026 -0.00234266
4.68405862 -0.00131781
4.68635698 -0.00234024
4.68865534 -0.00131683
4.69095370 -0.00233828
4.69325206 -0.00131586
4.69555042 -0.00233609
4.69784878 -0.00131453
4.70014714 -0.00233351
4.70244550 -0.00131294
4.70474386 -0.00233063
4.70704222 -0.00131129
4.70934058 -0.00232803
4.71163894 -0.00131003
4.71393730 -0.00232572
4.71623567 -0.00130862
4.71853403 -0.00232306
4.72083239 -0.00130688
4.72313075 -0.00231977
4.72542911 -0.00130453
4.72772747 -0.00231636
4.73002583 -0.00130240
4.73232419 -0.00231363
4.73462255 -0.00130141
4.73692091 -0.00231188
4.73921927 -0.00130084
4.74151763 -0.00231014
4.74381599 -0.00129991
4.74611435 -0.00230773
4.74841271 -0.00129765
4.75071107 -0.00230429
4.75300943 -0.00129488
4.75530779 -0.00230068
4.75760615 -0.00129282
4.75990451 -0.00229768
4.76220287 -0.00129138
4.76450124 -0.00229513
4.76679960 -0.00129015
4.76909796 -0.00229243
4.77139632 -0.00128826
4.77369468 -0.00228938
4.77599304 -0.00128615
4.77829140 -0.00228646
4.78058976 -0.00128442
4.78288812 -0.00228377
4.78518648 -0.00128288
4.78748484 -0.00228137
4.78978320 -0.00128141
4.79208156 -0.00227805
4.79437992 -0.00127931
4.79667828 -0.00227438
4.79897664 -0.00127668
4.80127500 -0.00227035
4.80357336 -0.00127421
4.80587172 -0.00226714
4.80817008 -0.00127255
4.81046844 -0.00226494
4.81276680 -0.00127170
4.81506517 -0.00226332
4.81736353 -0.00127103
4.81966189 -0.00226139
4.82196025 -0.00127006
4.82425861 -0.00225863
4.82655697 -0.00126865
4.82885533 -0.00225597
4.83115369 -0.00126689
4.83345205 -0.00225315
4.83575041 -0.00126554
4.83804877 -0.00225038
4.84034713 -0.00126380
4.84264549 -0.00224715
4.84494385 -0.00126200
4.84724221 -0.00224417
4.84954057 -0.00126019
4.85183893 -0.00224165
4.85413729 -0.00125901
4.85643565 -0.00223914
4.85873401 -0.00125784
4.86103237 -0.00223641
4.86333073 -0.00125592
4.86562910 -0.00223307
4.86792746 -0.00125372
4.87022582 -0.00222945
4.87252418 -0.00125183
4.87482254 -0.00222636
4.87712090 -0.00125030
4.87941926 -0.00222322
4.88171762 -0.00124877
4.88401598 -0.00222002
4.88631434 -0.00124649
4.88861270 -0.00221644
4.89091106 -0.00124432
4.89320942 -0.00221320
4.89550778 -0.00124271
4.89780614 -0.00221068
4.90010450 -0.00124184
4.90240286 -0.00220856
4.90470122 -0.00124111
4.90699958 -0.00220615
4.90929794 -0.00123981
4.91159630 -0.00220342
4.91389466 -0.00123858
4.91619303 -0.00220069
4.91849139 -0.00123715
4.92078975 -0.00219832
4.92308811 -0.00123615
4.92538647 -0.00219600
4.92768483 -0.00123468
4.92998319 -0.00219309
4.93228155 -0.00123272
4.93457991 -0.00218941
4.93687827 -0.00123035
4.93917663 -0.00218579
4.94147499 -0.00122836
4.94377335 -0.00218298
4.94607171 -0.00122716
4.94837007 -0.00218067
4.95066843 -0.00122608
4.95296679 -0.00217793
4.95526515 -0.00122426
4.95756351 -0.00217434
4.95986187 -0.00122156
4.96216023 -0.00217038
4.96445860 -0.00121938
4.96675696 -0.00216698
4.96905532 -0.00121776
4.97135368 -0.00216425
4.97365204 -0.00121675
4.97595040 -0.00216212
4.97824876 -0.00121546
4.98054712 -0.00215935
4.98284548 -0.00121393
4.98514384 -0.00215581
4.98744220 -0.00121163
4.98974056 -0.00215200
4.99203892 -0.00120904
4.99433728 -0.00214798
4.99663564 -0.00120708
4.99893400 -0.00214480
5.00123236 -0.00120549
5.00353072 -0.00214239
5.00582908 -0.00120473
5.00812744 -0.00214070
5.01042580 -0.00120394
5.01272416 -0.00213882
5.01502253 -0.00120296
5.01732089 -0.00213600
5.01961925 -0.00120103
5.02191761 -0.00213254
5.02421597 -0.00119826
5.02651433 -0.00212832
5.02881269 -0.00119560
5.03111105 -0.00212396
5.03340941 -0.00119296
5.03570777 -0.00211988
5.03800613 -0.00119058
5.04030449 -0.00211635
5.04260285 -0.00118871
5.04490121 -0.00211362
5.04719957 -0.00118729
5.04949793 -0.00211132
5.05179629 -0.00118610
5.05409465 -0.00210879
5.05639301 -0.00118470
5.05869137 -0.00210605
5.06098973 -0.00118278
5.06328809 -0.00210256
5.06558646 -0.00118086
5.06788482 -0.00209881
5.07018318 -0.00117850
5.07248154 -0.00209531
5.07477990 -0.00117662
5.07707826 -0.00209216
5.07937662 -0.00117514
5.08167498 -0.00208943
5.08397334 -0.00117357
5.08627170 -0.00208615
5.08857006 -0.00117170
5.09086842 -0.00208267
5.09316678 -0.00116944
5.09546514 -0.00207937
5.09776350 -0.00116797
5.10006186 -0.00207660
5.10236022 -0.00116659
5.10465858 -0.00207400
5.10695694 -0.00116489
5.10925530 -0.00207059
5.11155366 -0.00116264
5.11385203 -0.00206692
5.11615039 -0.00116012
5.11844875 -0.00206307
5.12074711 -0.00115816
5.12304547 -0.00205964
5.12534383 -0.00115589
5.12764219 -0.00205598
5.12994055 -0.00115390
5.13223891 -0.00205240
5.13453727 -0.00115219
5.13683563 -0.00204930
5.13913399 -0.00115093
5.14143235 -0.00204669
5.14373071 -0.00114969
5.14602907 -0.00204378
5.14832743 -0.00114771
5.15062579 -0.00204034
5.15292415 -0.00114564
5.15522251 -0.00203677
5.15752087 -0.00114335
5.15981923 -0.00203370
5.16211759 -0.00114170
5.16441596 -0.00203044
5.16671432 -0.00114023
5.16901268 -0.00202701
5.17131104 -0.00113823
5.17360940 -0.00202340
5.17590776 -0.00113587
5.17820612 -0.00201942
5.18050448 -0.00113349
5.18280284 -0.00201569
5.18510120 -0.00113176
5.18739956 -0.00201265
5.18969792 -0.00113047
5.19199628 -0.00201056
5.19429464 -0.00112926
5.19659300 -0.00200812
5.19889136 -0.00112806
5.20118972 -0.00200497
5.20348808 -0.00112600
5.20578644 -0.00200127
5.20808480 -0.00112365
5.21038316 -0.00199737
5.21268152 -0.00112111
5.21497989 -0.00199313
5.21727825 -0.00111857
5.21957661 -0.00198845
5.22187497 -0.00111554
5.22417333 -0.00198383
5.22647169 -0.00111252
5.22877005 -0.00197992
5.23106841 -0.00111057
5.23336677 -0.00197749
5.23566513 -0.00111003
5.23796349 -0.00197592
5.24026185 -0.00111015
5.24256021 -0.00197428
5.24485857 -0.00110936
5.24715693 -0.00197147
5.24945529 -0.00110772
5.25175365 -0.00196780
5.25405201 -0.00110548
5.25635037 -0.00196384
5.25864873 -0.00110306
5.26094709 -0.00195954
5.26324545 -0.00110050
5.26554382 -0.00195565
5.26784218 -0.00109796
5.27014054 -0.00195191
5.27243890 -0.00109633
5.27473726 -0.00194906
5.27703562 -0.00109482
5.27933398 -0.00194616
5.28163234 -0.00109332
5.28393070 -0.00194284
5.28622906 -0.00109118
5.28852742 -0.00193889
5.29082578 -0.00108872
5.29312414 -0.00193456
5.29542250 -0.00108580
5.29772086 -0.00193002
5.30001922 -0.00108267
5.30231758 -0.00192545
5.30461594 -0.00108008
5.30691430 -0.00192161
5.30921266 -0.00107771
5.31151102 -0.00191827
5.31380939 -0.00107637
5.31610775 -0.00191535
5.31840611 -0.00107478
5.32070447 -0.00191214
5.32300283 -0.00107352
5.32530119 -0.00190893
5.32759955 -0.00107198
5.32989791 -0.00190578
5.33219627 -0.00107034
5.33449463 -0.00190245
5.33679299 -0.00106862
5.33909135 -0.00189856
5.34138971 -0.00106599
5.34368807 -0.00189401
5.34598643 -0.00106301
5.34828479 -0.00188942
5.35058315 -0.00105994
5.35288151 -0.00188536
5.35517987 -0.00105812
5.35747823 -0.00188221
5.35977659 -0.00105720
5.36207495 -0.00187958
5.36437332 -0.00105632
5.36667168 -0.00187707
5.36897004 -0.00105495
5.37126840 -0.00187393
5.37356676 -0.00105320
5.37586512 -0.00187000
5.37816348 -0.00105085
5.38046184 -0.00186529
5.38276020 -0.00104747
5.38505856 -0.00186022
5.38735692 -0.00104386
5.38965528 -0.00185521
5.39195364 -0.00104096
5.39425200 -0.00185100
5.39655036 -0.00103926
5.39884872 -0.00184762
5.40114708 -0.00103758
5.40344544 -0.00184441
5.40574380 -0.00103570
5.40804216 -0.00184077
5.41034052 -0.00103332
5.41263888 -0.00183654
5.41493725 -0.00103113
5.41723561 -0.00183265
5.41953397 -0.00102894
5.42183233 -0.00182914
5.42413069 -0.00102727
5.42642905 -0.00182613
5.42872741 -0.00102598
5.43102577 -0.00182317
5.43332413 -0.00102480
5.43562249 -0.00181982
5.43792085 -0.00102310
5.44021921 -0.00181571
5.44251757 -0.00102037
5.44481593 -0.00181124
5.44711429 -0.00101784
5.44941265 -0.00180710
5.45171101 -0.00101554
5.45400937 -0.00180376
5.45630773 -0.00101405
5.45860609 -0.00180057
5.46090445 -0.00101227
5.46320282 -0.00179709
5.46550118 -0.00100994
5.46779954 -0.00179296
5.47009790 -0.00100736
5.47239626 -0.00178863
5.47469462 -0.00100506
5.47699298 -0.00178487
5.47929134 -0.00100349
5.48158970 -0.00178159
5.48388806 -0.00100197
5.48618642 -0.00177856
5.48848478 -0.00100010
5.49078314 -0.00177489
5.49308150 -0.00099808
5.49537986 -0.00177077
5.49767822 -0.00099564
5.49997658 -0.00176678
5.50227494 -0.00099282
5.50457330 -0.00176264
5.50687166 -0.00099021
5.50917002 -0.00175860
5.51146838 -0.00098790
5.51376675 -0.00175453
5.51606511 -0.00098576
5.51836347 -0.00175080
5.52066183 -0.00098342
5.52296019 -0.00174717
5.52525855 -0.00098130
5.52755691 -0.00174342
5.52985527 -0.00097931
5.53215363 -0.00173963
5.53445199 -0.00097671
5.53675035 -0.00173511
5.53904871 -0.00097364
5.54134707 -0.00173036
5.54364543 -0.00097051
5.54594379 -0.00172592
5.54824215 -0.00096826
5.55054051 -0.00172233
5.55283887 -0.00096664
5.55513723 -0.00171907
5.55743559 -0.00096474
5.55973395 -0.00171539
5.56203231 -0.00096215
5.56433068 -0.00171124
5.56662904 -0.00095958
5.56892740 -0.00170722
5.57122576 -0.00095758
5.57352412 -0.00170361
5.57582248 -0.00095586
5.57812084 -0.00169995
5.58041920 -0.00095347
5.58271756 -0.00169539
5.58501592 -0.00095033
5.58731428 -0.00169013
5.58961264 -0.00094680
5.59191100 -0.00168487
5.59420936 -0.00094353
5.59650772 -0.00168032
5.59880608 -0.00094115
5.60110444 -0.00167641
5.60340280 -0.00093954
5.60570116 -0.00167315
5.60799952 -0.00093813
5.61029788 -0.00167013
5.61259625 -0.00093667
5.61489461 -0.00166678
5.61719297 -0.00093491
5.61949133 -0.00166300
5.62178969 -0.00093266
5.62408805 -0.00165883
5.62638641 -0.00093011
5.62868477 -0.00165420
5.63098313 -0.00092764
5.63328149 -0.00164958
5.63557985 -0.00092517
5.63787821 -0.00164499
5.64017657 -0.00092251
5.64247493 -0.00164033
5.64477329 -0.00091934
5.64707165 -0.00163520
5.64937001 -0.00091607
5.65166837 -0.00163001
5.65396673 -0.00091308
5.65626509 -0.00162567
5.65856345 -0.00091062
5.66086181 -0.00162181
5.66316018 -0.00090900
5.66545854 -0.00161823
5.66775690 -0.00090725
5.67005526 -0.00161441
5.67235362 -0.00090534
5.67465198 -0.00161045
5.67695034 -0.00090305
5.67924870 -0.00160634
5.68154706 -0.00090089
5.68384542 -0.00160222
5.68614378 -0.00089919
5.68844214 -0.00159868
5.69074050 -0.00089729
5.69303886 -0.00159508
5.69533722 -0.00089528
5.69763558 -0.00159071
5.69993394 -0.00089223
5.70223230 -0.00158493
5.70453066 -0.00088834
5.70682902 -0.00157890
5.70912738 -0.00088434
5.71142574 -0.00157386
5.71372411 -0.00088164
5.71602247 -0.00157025
5.71832083 -0.00088040
5.72061919 -0.00156746
5.72291755 -0.00087946
5.72521591 -0.00156431
5.72751427 -0.00087749
5.72981263 -0.00156009
5.73211099 -0.00087464
5.73440935 -0.00155483
5.73670771 -0.00087159
5.73900607 -0.00154956
5.74130443 -0.00086844
5.74360279 -0.00154478
5.74590115 -0.00086577
5.74819951 -0.00154018
5.75049787 -0.00086292
5.75279623 -0.00153548
5.75509459 -0.00086019
5.75739295 -0.00153091
5.75969131 -0.00085762
5.76198967 -0.00152679
5.76428804 -0.00085570
5.76658640 -0.00152326
5.76888476 -0.00085415
5.77118312 -0.00151954
5.77348148 -0.00085232
5.77577984 -0.00151548
5.77807820 -0.00084996
5.78037656 -0.00151091
5.78267492 -0.00084692
5.78497328 -0.00150577
5.78727164 -0.00084401
5.78957000 -0.00150071
5.79186836 -0.00084067
5.79416672 -0.00149556
5.79646508 -0.00083789
5.79876344 -0.00149115
5.80106180 -0.00083521
5.80336016 -0.00148693
5.80565852 -0.00083289
5.80795688 -0.00148254
5.81025524 -0.00083050
5.81255361 -0.00147792
5.81485197 -0.00082739
5.81715033 -0.00147304
5.81944869 -0.00082486
5.82174705 -0.00146834
5.82404541 -0.00082238
5.82634377 -0.00146411
5.82864213 -0.00082022
5.83094049 -0.00146003
5.83323885 -0.00081788
5.83553721 -0.00145571
5.83783557 -0.00081503
5.84013393 -0.00145078
5.84243229 -0.00081169
5.84473065 -0.00144504
5.84702901 -0.00080800
5.84932737 -0.00143948
5.85162573 -0.00080482
5.85392409 -0.00143453
5.85622245 -0.00080241
5.85852081 -0.00143021
5.86081917 -0.00080009
5.86311754 -0.00142568
5.86541590 -0.00079758
5.86771426 -0.00142080
5.87001262 -0.00079462
5.87231098 -0.00141637
5.87460934 -0.00079201
5.87690770 -0.00141205
5.87920606 -0.00078980
5.88150442 -0.00140755
5.88380278 -0.00078714
5.88610114 -0.00140269
5.88839950 -0.00078405
5.89069786 -0.00139745
5.89299622 -0.00078067
5.89529458 -0.00139208
5.89759294 -0.00077752
5.89989130 -0.00138685
5.90218966 -0.00077445
5.90448802 -0.00138190
5.90678638 -0.00077148
5.90908474 -0.00137706
5.91138310 -0.00076894
5.91368147 -0.00137221
5.91597983 -0.00076613
5.91827819 -0.00136752
5.92057655 -0.00076357
5.92287491 -0.00136327
5.92517327 -0.00076120
5.92747163 -0.00135928
5.92976999 -0.00075930
5.93206835 -0.00135533
5.93436671 -0.00075720
5.93666507 -0.00135066
5.93896343 -0.00075419
5.94126179 -0.00134518
5.94356015 -0.00075073
5.94585851 -0.00133905
5.94815687 -0.00074680
5.95045523 -0.00133311
5.95275359 -0.00074323
5.95505195 -0.00132772
5.95735031 -0.00074017
5.95964867 -0.00132323
5.96194704 -0.00073800
5.96424540 -0.00131937
5.96654376 -0.00073622
5.96884212 -0.00131554
5.97114048 -0.00073446
5.97343884 -0.00131140
5.97573720 -0.00073208
5.97803556 -0.00130647
5.98033392 -0.00072936
5.98263228 -0.00130132
5.98493064 -0.00072633
5.98722900 -0.00129591
5.98952736 -0.00072314
5.99182572 -0.00129043
5.99412408 -0.00072008
5.99642244 -0.00128522
5.99872080 -0.00071667
6.00101916 -0.00127995
6.00331752 -0.00071419
6.00561588 -0.00127488
6.00791424 -0.00071136
6.01021260 -0.00126984
6.01251097 -0.00070861
6.01480933 -0.00126479
6.01710769 -0.00070562
6.01940605 -0.00125987
6.02170441 -0.00070247
6.02400277 -0.00125452
6.02630113 -0.00069975
6.02859949 -0.00124896
6.03089785 -0.00069603
6.03319621 -0.00124340
6.03549457 -0.00069296
6.03779293 -0.00123808
6.04009129 -0.00069046
6.04238965 -0.00123325
6.04468801 -0.00068818
6.04698637 -0.00122841
6.04928473 -0.00068541
6.05158309 -0.00122341
6.05388145 -0.00068190
6.05617981 -0.00121781
6.05847817 -0.00067896
6.06077653 -0.00121220
6.06307490 -0.00067579
6.06537326 -0.00120710
6.06767162 -0.00067270
6.06996998 -0.00120185
6.07226834 -0.00066974
6.07456670 -0.00119640
6.07686506 -0.00066689
6.07916342 -0.00119091
6.08146178 -0.00066376
6.08376014 -0.00118509
6.08605850 -0.00066044
6.08835686 -0.00117913
6.09065522 -0.00065707
6.09295358 -0.00117329
6.09525194 -0.00065393
6.09755030 -0.00116860
6.09984866 -0.00065153
6.10214702 -0.00116424
6.10444538 -0.00064940
6.10674374 -0.00115952
6.10904210 -0.00064701
6.11134046 -0.00115414
6.11363883 -0.00064359
6.11593719 -0.00114813
6.11823555 -0.00064029
6.12053391 -0.00114190
6.12283227 -0.00063696
6.12513063 -0.00113614
6.12742899 -0.00063390
6.12972735 -0.00113093
6.13202571 -0.00063118
6.13432407 -0.00112610
6.13662243 -0.00062842
6.13892079 -0.00112090
6.14121915 -0.00062573
6.14351751 -0.00111540
6.14581587 -0.00062260
6.14811423 -0.00110980
6.15041259 -0.00061935
6.15271095 -0.00110420
6.15500931 -0.00061606
6.15730767 -0.00109847
6.15960603 -0.00061297
6.16190440 -0.00109270
6.16420276 -0.00061023
6.16650112 -0.00108761
6.16879948 -0.00060746
6.17109784 -0.00108253
6.17339620 -0.00060493
6.17569456 -0.00107719
6.17799292 -0.00060196
6.18029128 -0.00107129
6.18258964 -0.00059864
6.18488800 -0.00106537
6.18718636 -0.00059503
6.18948472 -0.00105977
6.19178308 -0.00059178
6.19408144 -0.00105447
6.19637980 -0.00058954
6.19867816 -0.00104947
6.20097652 -0.00058673
6.20327488 -0.00104425
6.20557324 -0.00058340
6.20787160 -0.00103824
6.21016996 -0.00057979
6.21246833 -0.00103191
6.21476669 -0.00057622
6.21706505 -0.00102576
6.21936341 -0.00057288
6.22166177 -0.00101942
6.22396013 -0.00056895
6.22625849 -0.00101310
6.22855685 -0.00056514
6.23085521 -0.00100695
6.23315357 -0.00056179
6.23545193 -0.00100159
6.23775029 -0.00055878
6.24004865 -0.00099632
6.24234701 -0.00055595
6.24464537 -0.00099049
6.24694373 -0.00055267
6.24924209 -0.00098462
6.25154045 -0.00054931
6.25383881 -0.00097886
6.25613717 -0.00054642
6.25843553 -0.00097342
6.26073389 -0.00054362
6.26303226 -0.00096796
6.26533062 -0.00054040
6.26762898 -0.00096229
6.26992734 -0.00053688
6.27222570 -0.00095630
6.27452406 -0.00053356
6.27682242 -0.00095046
6.27912078 -0.00053048
6.28141914 -0.00094476
6.28371750 -0.00052720
6.28601586 -0.00093907
6.28831422 -0.00052359
6.29061258 -0.00093290
6.29291094 -0.00051977
6.29520930 -0.00092660
6.29750766 -0.00051583
6.29980602 -0.00092017
6.30210438 -0.00051186
6.30440274 -0.00091376
6.30670110 -0.00050786
6.30899946 -0.00090719
6.31129783 -0.00050393
6.31359619 -0.00090072
6.31589455 -0.00050016
6.31819291 -0.00089469
6.32049127 -0.00049675
6.32278963 -0.00088907
6.32508799 -0.00049382
6.32738635 -0.00088378
6.32968471 -0.00049068
6.33198307 -0.00087814
6.33428143 -0.00048796
6.33657979 -0.00087242
6.33887815 -0.00048468
6.34117651 -0.00086689
6.34347487 -0.00048163
6.34577323 -0.00086080
6.34807159 -0.00047817
6.35036995 -0.00085409
6.35266831 -0.00047406
6.35496667 -0.00084716
6.35726503 -0.00046980
6.35956339 -0.00084063
6.36186176 -0.00046620
6.36416012 -0.00083483
6.36645848 -0.00046355
6.36875684 -0.00082929
6.37105520 -0.00046104
6.37335356 -0.00082410
6.37565192 -0.00045799
6.37795028 -0.00081858
6.38024864 -0.00045504
6.38254700 -0.00081246
6.38484536 -0.00045154
6.38714372 -0.00080547
6.38944208 -0.00044695
6.39174044 -0.00079776
6.39403880 -0.00044180
6.39633716 -0.00079000
6.39863552 -0.00043731
6.40093388 -0.00078343
6.40323224 -0.00043407
6.40553060 -0.00077790
6.40782896 -0.00043137
6.41012732 -0.00077275
6.41242569 -0.00042848
6.41472405 -0.00076693
6.41702241 -0.00042532
6.41932077 -0.00076072
6.42161913 -0.00042182
6.42391749 -0.00075427
6.42621585 -0.00041792
6.42851421 -0.00074759
6.43081257 -0.00041394
6.43311093 -0.00074049
6.43540929 -0.00040964
6.43770765 -0.00073344
6.44000601 -0.00040544
6.44230437 -0.00072636
6.44460273 -0.00040128
6.44690109 -0.00071973
6.44919945 -0.00039738
6.45149781 -0.00071308
6.45379617 -0.00039372
6.45609453 -0.00070639
6.45839289 -0.00038978
6.46069126 -0.00069970
6.46298962 -0.00038599
6.46528798 -0.00069319
6.46758634 -0.00038310
6.46988470 -0.00068756
6.47218306 -0.00038072
6.47448142 -0.00068217
6.47677978 -0.00037823
6.47907814 -0.00067629
6.48137650 -0.00037462
6.48367486 -0.00066932
6.48597322 -0.00037062
6.48827158 -0.00066213
6.49056994 -0.00036646
6.49286830 -0.00065523
6.49516666 -0.00036273
6.49746502 -0.00064856
6.49976338 -0.00035907
6.50206174 -0.00064158
6.50436010 -0.00035524
6.50665846 -0.00063439
6.50895682 -0.00035105
6.51125519 -0.00062721
6.51355355 -0.00034688
6.51585191 -0.00062025
6.51815027 -0.00034315
6.52044863 -0.00061359
6.52274699 -0.00033936
6.52504535 -0.00060675
6.52734371 -0.00033579
6.52964207 -0.00059996
6.53194043 -0.00033223
6.53423879 -0.00059344
6.53653715 -0.00032930
6.53883551 -0.00058727
6.54113387 -0.00032628
6.54343223 -0.00058098
6.54573059 -0.00032281
6.54802895 -0.00057418
6.55032731 -0.00031871
6.55262567 -0.00056723
6.55492403 -0.00031473
6.55722239 -0.00056027
6.55952075 -0.00031117
6.56181912 -0.00055330
6.56411748 -0.00030743
6.56641584 -0.00054615
6.56871420 -0.00030344
6.57101256 -0.00053878
6.57331092 -0.00029932
6.57560928 -0.00053159
6.57790764 -0.00029553
6.58020600 -0.00052473
6.58250436 -0.00029193
6.58480272 -0.00051804
6.58710108 -0.00028832
6.58939944 -0.00051115
6.59169780 -0.00028468
6.59399616 -0.00050406
6.59629452 -0.00028081
6.59859288 -0.00049681
6.60089124 -0.00027679
6.60318960 -0.00048982
6.60548796 -0.00027308
6.60778632 -0.00048296
6.61008468 -0.00026970
6.61238305 -0.00047627
6.61468141 -0.00026620
6.61697977 -0.00046944
6.61927813 -0.00026199
6.62157649 -0.00046209
6.62387485 -0.00025762
6.62617321 -0.00045447
6.62847157 -0.00025310
6.63076993 -0.00044709
6.63306829 -0.00024885
6.63536665 -0.00043978
6.63766501 -0.00024452
6.63996337 -0.00043233
6.64226173 -0.00023996
6.64456009 -0.00042468
6.64685845 -0.00023546
6.64915681 -0.00041722
6.65145517 -0.00023078
6.65375353 -0.00040973
6.65605189 -0.00022630
6.65835025 -0.00040171
6.66064862 -0.00022113
6.66294698 -0.00039346
6.66524534 -0.00021616
6.66754370 -0.00038562
6.66984206 -0.00021181
6.67214042 -0.00037884
6.67443878 -0.00020862
6.67673714 -0.00037247
6.67903550 -0.00020540
6.68133386 -0.00036585
6.68363222 -0.00020124
6.68593058 -0.00035882
6.68822894 -0.00019705
6.69052730 -0.00035134
6.69282566 -0.00019298
6.69512402 -0.00034423
6.69742238 -0.00018909
6.69972074 -0.00033705
6.70201910 -0.00018463
6.70431746 -0.00032931
6.70661582 -0.00018019
6.70891418 -0.00032136
6.71121255 -0.00017588
6.71351091 -0.00031389
6.71580927 -0.00017218
6.71810763 -0.00030736
6.72040599 -0.00016879
6.72270435 -0.00030097
6.72500271 -0.00016550
6.72730107 -0.00029381
6.72959943 -0.00016124
6.73189779 -0.00028601
6.73419615 -0.00015588
6.73649451 -0.00027761
6.73879287 -0.00015093
6.74109123 -0.00026943
6.74338959 -0.00014608
6.74568795 -0.00026156
6.74798631 -0.00014168
6.75028467 -0.00025365
6.75258303 -0.00013690
6.75488139 -0.00024562
6.75717975 -0.00013225
6.75947811 -0.00023764
6.76177648 -0.00012806
6.76407484 -0.00022997
6.76637320 -0.00012382
6.76867156 -0.00022258
6.77096992 -0.00011986
6.77326828 -0.00021523
6.77556664 -0.00011595
6.77786500 -0.00020798
6.78016336 -0.00011223
6.78246172 -0.00020048
6.78476008 -0.00010792
6.78705844 -0.00019259
6.78935680 -0.00010269
6.79165516 -0.00018387
6.79395352 -0.00009730
6.79625188 -0.00017475
6.79855024 -0.00009199
6.80084860 -0.00016612
6.80314696 -0.00008726
6.80544532 -0.00015825
6.80774368 -0.00008354
6.81004205 -0.00015096
6.81234041 -0.00008009
6.81463877 -0.00014364
6.81693713 -0.00007625
6.81923549 -0.00013612
6.82153385 -0.00007181
6.82383221 -0.00012798
6.82613057 -0.00006729
6.82842893 -0.00011971
6.83072729 -0.00006316
6.83302565 -0.00011180
6.83532401 -0.00005881
6.83762237 -0.00010421
6.83992073 -0.00005483
6.84221909 -0.00009651
6.84451745 -0.00005096
6.84681581 -0.00008867
6.84911417 -0.00004665
6.85141253 -0.00008032
6.85371089 -0.00004179
6.85600925 -0.00007143
6.85830761 -0.00003635
6.86060598 -0.00006219
6.86290434 -0.00003119
6.86520270 -0.00005317
6.86750106 -0.00002617
6.86979942 -0.00004461
6.87209778 -0.00002141
6.87439614 -0.00003615
6.87669450 -0.00001679
6.87899286 -0.00002986
6.88129122 -0.00001189
6.88358958 -0.00002608
6.88588794 -0.00000924
6.88818630 -0.00002438
6.89048466 -0.00000805
6.89278302 -0.00002408
