-2.140970497643978898e-01
2.021037218782722467e-01
3.228861961452879070e-01
2.655549061518324705e-01
3.502664769306282899e-01
2.721154111452879776e-01
2.711358977225131195e-01
3.819910209358638453e-01
2.473647403730366845e-01
2.013220141034031407e-01
2.314885644829843270e-01
2.444489572054973636e-01
2.999217162041885043e-01
3.487597046596859207e-01
3.150969326178010843e-01
3.134917592212042026e-01
3.331120680693717140e-01
2.785323111191099765e-01
4.177179468651832650e-01
6.253741139790576220e-01
3.288718883180627994e-01
1.673424869371728241e-01
3.154060250916230213e-01
3.078658181871727906e-01
3.796369358049737630e-01
3.833163031282722510e-01
2.691283674869109910e-01
2.259188136583769602e-01
6.200498736256544463e-01
3.428409375130889725e-01
2.800603829646596821e-01
3.831083221989528553e-01
8.160410119109945404e-02
2.367189306937172999e-01
2.613690025523560112e-01
-9.449273412958116014e-02
3.326137765183245776e-01
2.531187506609947624e-01
2.826674603926701002e-01
3.914023197185864111e-01
2.573367679712041389e-01
2.569609827748691178e-01
2.800162515903141247e-01
2.935889182853402835e-01
-1.319732820287957964e-01
2.668781933376963011e-01
2.892314350000000367e-01
2.975234910929319132e-01
2.524224606348167144e-01
3.370868162500000875e-01
6.989723158115181967e-01
6.444414148625654537e-01
2.509956012434555461e-01
2.791555220418848182e-01
5.469069336387435420e-01
1.545408579253926828e-01
2.159494081806281537e-02
2.645373980301046757e-01
3.135423303664921502e-01
3.564009934293193016e-01
2.805149294633507706e-01
2.794188454057591753e-01
2.537423780955497254e-01
2.763768507853403000e-01
3.536596531740837657e-01
2.950824397185863868e-01
2.478107649999999884e-01
3.038060083333333217e-01
1.460956133333333462e-01
1.430429183333333243e-01
6.324066616666667029e-01
8.956543049999999839e-01
2.905070816666666667e-01
3.358979366666667299e-01
-2.777210699999999588e-01
8.348475249999999237e-01
2.392370150000000251e-01
2.715435716666666499e-01
1.799807516666666884e-01
2.521524733333333490e-01
1.223068998333333157e+00
8.140054216666666731e-01
6.510520566666667674e-01
8.614995016666666672e-01
4.223189716666667093e-01
3.388578999999999897e-01
1.724468566666666758e-01
2.047099933333333122e-01
2.476602483333333604e-01
2.244859399999999949e-01
2.893492483333333087e-01
2.267449633333332992e-01
1.641619183333332954e-01
3.662997633333333614e-01
1.700999083333333273e-01
2.773347083333333463e-01
2.542751400000000106e-01
3.157646833333333514e-01
2.537978666666666494e-01
2.838564683333333338e-01
3.543486833333333585e-01
8.034271500000000898e-02
2.504005499999999995e-01
7.284413600000000377e-01
3.573244383333333274e-01
2.958592050000000140e-01
2.498859783333333417e-01
2.473483733333333712e-01
4.052996716666665833e-01
2.223625166666666486e-01
7.887750116666666367e-01
2.291947333333333725e-01
2.209490283333333249e-01
1.152902616666666713e-01
3.024177549999999548e-01
-5.471379116666666986e-01
2.379305499999999907e-01
5.085296200000000155e-01
4.905594900000000425e-01
4.140187166666666752e-01
3.544243199999999594e-01
1.065317751666666757e+00
2.880233500000000113e-01
1.418273466666666593e-01
-6.956980783333333029e-01
3.118542599999999387e-01
6.893721283333333893e-01
3.565151933333333134e-01
4.989125100000000312e-01
1.742146266666666776e-01
-2.526353183333333585e-01
-6.490912000000000071e-02
2.882270921623376614e-01
2.555627796753247027e-01
5.123246504545454771e-02
-3.754709250844155410e-01
3.020615722987012863e-01
3.679845566688311753e-01
3.007811303116882939e-01
-2.315335446493506366e-01
3.336070085974026100e-01
2.964280673051947756e-01
3.036295527337662392e-01
3.799619325194805164e-01
2.918478017857142892e-01
2.550078897142856738e-01
2.871093652142857056e-01
2.638331914870130079e-01
-8.423396213636362428e-02
-1.553894023961038817e-01
2.907316785909090928e-01
2.923732391103896489e-01
3.267018022727272708e-01
4.066289752207792318e-01
1.647123418896103975e-01
2.887637598441558096e-01
2.986491895129870233e-01
3.282210866038960950e-01
3.125355836168831059e-01
1.213698617987013090e-01
3.340571436233766289e-01
3.401506959870129743e-01
3.200810508506493623e-01
3.458582070259740293e-01
1.003657898051945815e-02
4.641812282532468137e-01
-4.425845519480520185e-01
2.572666248311688553e-01
4.429135309415584421e-01
2.906622985259739722e-01
-4.782700422077934208e-03
3.146979477012986637e-01
1.737649847532467262e-01
3.391678104350649425e-01
-3.467464260389611225e-02
1.784557588636363767e-01
4.443547063506492756e-01
4.484111038701298901e-01
2.702295012012986830e-01
3.963932118246752956e-01
3.424983769740259643e-01
3.503015431103896904e-01
3.196482631363636306e-01
2.628612687792207803e-01
3.729496752077921529e-01
4.684370854220779035e-01
3.749674222662338074e-01
1.520667118506493498e-01
3.293669256753246621e-01
3.547841704610389946e-01
3.052271637272727101e-01
3.283170539350649952e-01
4.528114917727272815e-01
5.309636329285714051e-01
2.815117336363636702e-01
3.259995055649350659e-01
6.779877608961037971e-01
6.546798198116883238e-01
5.561983874477806067e-01
3.314813934138381435e-01
3.881833491906004352e-01
4.983771225261096061e-01
3.922033894778067520e-01
3.800927572258485654e-01
3.130800731331592202e-01
2.395328792624021319e-01
2.091766807114882332e-01
3.395207652610966464e-01
2.587129244712794152e-01
3.832466922258485620e-01
2.945390997127937394e-01
3.897553995496083612e-01
3.095740417950391676e-01
3.466028101501305581e-01
3.089150841318538121e-01
-2.447742683420365550e-01
3.940404509595299976e-01
5.718247910574412174e-01
-3.289498048955610821e-02
-1.536111950391645664e-02
2.838998131396866520e-01
-1.752635437336823440e-03
3.015222709334203777e-01
3.000729467754568724e-01
5.268911501305483247e-01
4.058398696932114524e-01
3.803535377610965384e-01
3.363416842232375137e-01
9.480406527415179488e-03
2.313292667362924215e-01
3.846909471671017822e-01
3.105032508485639497e-01
2.995412159660574281e-01
1.615989263707571788e-01
3.427377947650130374e-01
2.438966376174935002e-01
-1.250527301697127724e-01
2.674879825391645038e-01
2.979678226109660488e-01
3.391758996671018211e-01
4.272685777023498832e-01
3.638035226631854413e-01
2.985850712140992180e-01
3.128051457898172738e-01
1.661028032180156822e-01
1.827755455613577218e-01
4.949373955221931798e-01
3.325927162924282032e-01
-4.485226252610963887e-02
1.489326361227154005e-01
3.533909684203655477e-01
3.626617820234986356e-01
3.134173613185378127e-01
3.865792771148824913e-01
2.894441045300261139e-01
2.876977887663185185e-01
2.983723950391645174e-01
3.455218751174935488e-01
7.037426845300262523e-02
9.016103790469974510e-02
2.840859079569190704e-01
2.668367505939948092e-01
-3.772154901697127860e-01
7.983964049608355262e-02
-2.960743770784313722e-01
3.037580924575163377e-01
2.876070908235294210e-01
2.043738082614378893e-01
2.695368755555554996e-01
3.356155118627451306e-01
2.915983528104574840e-01
3.265156738627451039e-01
3.480814683986928060e-01
3.977829115424836304e-01
3.429302220457516315e-01
6.690915652941176184e-02
3.112165373267973267e-01
3.911031500392156968e-01
-2.609763315294117980e-01
2.717247130522875698e-01
2.748008095490196423e-01
3.822137734705882139e-01
3.427843898758169972e-01
3.030464067973856826e-02
5.767494051111111686e-01
1.863107284901960314e-01
2.227466433202614504e-01
4.640560295947712133e-01
2.930482547124183546e-01
3.132152057450980354e-01
2.863250917647058857e-01
2.599627523464052015e-01
2.846650559607842856e-01
3.001666613660130545e-01
3.562187427450980159e-01
2.513398088954248433e-01
3.662389118300653501e-01
3.880655885294118090e-01
1.484512650849673376e-01
2.913666069019607563e-01
3.813179658888888879e-01
3.828921626535947698e-01
2.856628656862745252e-01
2.750661963071895366e-01
1.027538987581699398e-01
6.302216828758170353e-01
2.537466037777778016e-01
2.675095670196078190e-01
1.233507597647058862e-01
2.920156383660130750e-01
2.794054742287581661e-01
2.165446773529411950e-01
4.049537805620915254e-01
5.132066462091502967e-02
3.804288573594770684e-01
3.406128992287581481e-01
2.385381580849673389e-01
2.647811910588235840e-01
2.843055825816993565e-01
2.358173960000000124e-01
3.790210934836601431e-01
4.685404676732026208e-01
3.162308447320261173e-01
4.063602941241829525e-01
-6.515147774313725382e-01
3.786219035228757801e-01
2.750716490065359121e-01
3.588893323921568679e-01
2.149041680130718834e-01
5.224352535490196514e-01
2.652234163054830174e-01
2.715867224804177638e-01
3.323719864033942151e-01
2.444984023825065300e-01
3.281662758028720539e-01
3.690015863838120302e-01
-6.468417836161879930e-02
2.366168697584856428e-01
4.310019958550913577e-01
1.885347029830287124e-01
3.463525677023498450e-01
3.441782931527415101e-01
2.979761738054830245e-01
3.117472807375979427e-01
3.368311950522193121e-01
3.260196716710182518e-01
2.360655246083553579e-02
2.973212589099216707e-01
4.002125051958224655e-01
2.651222538185378230e-01
3.363209166383812065e-01
4.101013280417754037e-01
3.620276089164490840e-01
3.783878227610965594e-01
-2.454266922193211742e-01
4.407482484725849248e-01
3.624102395626632167e-01
4.906362987793733144e-01
3.048702388577023692e-01
4.074026797062663685e-01
9.540206616840730958e-02
5.545036356135769617e-01
4.076138240404699742e-01
3.118778777219320952e-01
3.499787476958224897e-01
2.315703080874673692e-01
2.874066219451696935e-01
3.855529832506527366e-01
2.746339884856396907e-01
2.356310799543081258e-01
2.987888541383812435e-01
2.822234011553524935e-01
2.691418507375978875e-01
3.044382604046997898e-01
-4.552025900783288753e-02
1.906851945757180034e-01
4.121717553524804623e-01
6.412072513054830614e-01
2.208814642362924296e-01
2.230066296148825178e-01
3.180755459921671413e-01
2.553725902610965992e-01
5.695797202937337156e-01
5.983755219908616363e-01
3.304389449412532542e-01
3.606737806984334216e-01
-6.483435263054830588e-02
1.432416833028720415e-01
3.098050370430809330e-01
2.930291326501305860e-01
2.309792677937337058e-01
3.006733045757180034e-01
2.845335851436031627e-01
5.238420851631853115e-01
2.540942575065274212e-01
1.644332259138381325e-01
3.224574857133592487e-01
3.033535667250324419e-01
2.159066719844358329e-01
6.491576821854735391e-01
2.157909205706873834e-01
3.427064228664072343e-01
2.278752784176394375e-01
3.100213886381323336e-01
2.471417800194552206e-01
2.384934797405966200e-01
3.206869532166017889e-01
2.162087341439688504e-01
3.172513389105058867e-01
4.097688766018158235e-01
2.876705658884565198e-01
4.556138481582360789e-01
2.394177496044098408e-01
1.287961208041504546e-01
4.877707529571984058e-01
3.107001428664071113e-02
2.804121974902723524e-01
3.688928639299611234e-01
2.876395207328145132e-01
2.967461174837872639e-01
3.218028211543449979e-01
3.506007164656290143e-01
3.409015469520104147e-01
2.873768733268481923e-01
3.655538578664073168e-01
2.497784363618677506e-01
3.513875392931258834e-01
3.055251848508430679e-01
3.899705898767834023e-01
8.572460655642021032e-02
2.915410431517510004e-01
2.715903369520103472e-01
7.369675258754866676e-02
3.627538760570687137e-01
3.395090213035018567e-01
2.791769023476005085e-01
-5.841329274967573676e-02
3.102230013099870343e-01
5.568443396757458697e-01
4.004572763683528214e-01
3.733467770298313226e-01
2.595188147989623828e-01
4.173015849870299054e-01
5.838457939429312349e-01
3.421717272114137010e-01
3.574132249092088487e-01
2.877676770622568103e-01
2.108783756485084759e-01
2.986034258041504463e-01
3.450158943450065130e-01
2.750534615175097009e-01
2.732056079831387541e-01
3.416280808106355038e-01
1.474098921854734290e-01
3.094025839429312974e-01
2.793457721725032261e-01
4.014386788197146227e-01
3.161724671335927606e-01
1.633200438845655023e-01
1.634065437743190477e-02
3.114701167509726920e-01
-8.611375926070038989e-02
3.081174073132372238e-01
3.008879979030145910e-02
5.529284021428572116e-01
4.806228624705111141e-01
1.957315280537352542e-01
4.289204391153341733e-01
4.282678833093053195e-01
1.390950329488859771e-01
2.230038203735255908e-01
-2.653178236959370939e-01
2.400657856553080061e-01
4.287584252555700637e-01
3.330791113826999106e-01
3.079835843184796640e-01
3.234023511861073841e-01
2.713996870183486010e-01
3.212908607273918804e-01
3.480076232830930372e-01
2.709763972411532995e-01
4.040564790956751445e-02
2.549688130013105791e-01
3.797961991349934063e-01
1.413830811336828364e-01
3.646934583420707310e-01
3.228550452948886207e-01
3.289280865858453251e-01
8.553716372214940911e-02
2.052431512450851592e-01
6.964921333093052613e-01
1.676339916186107559e-01
3.879968119069462928e-01
2.675258357142857313e-01
2.586766761861074571e-01
2.565872940498034049e-01
3.483932309698558050e-01
3.727012074508518902e-01
3.645233677588465837e-01
3.196052764416775771e-01
4.135861307142857379e-01
4.222254875098295779e-01
3.655633826343381854e-01
4.527253482110092375e-01
3.059149434927916356e-01
2.538336077195281759e-01
2.733919455242463936e-01
3.423590970445609116e-01
2.760513822804717687e-01
2.943955338138924960e-01
5.592939461336826623e-02
1.448783322477064373e-01
3.656047920904325066e-01
2.505583881127129708e-01
2.376655641480996117e-01
2.754303694692005200e-01
5.176553936107470832e-01
3.195642662975098358e-01
-7.748916086500656775e-02
3.330029221166448394e-01
3.287450007339449698e-01
2.758703199082568891e-01
2.634147081258191303e-01
2.947179401376147090e-01
3.008060419200524471e-01
2.971837081389253066e-01
2.760242093971166377e-01
1.468006193971166384e-01
3.045274290985732768e-01
-1.355928405771724965e-01
3.642450695849546172e-01
-8.853967883916991077e-02
2.567990239753566994e-01
3.066910716666666481e-01
-2.247169244357976603e-01
3.434182667185473603e-01
2.618048186964980761e-01
-1.946968500064851504e-01
3.363038537872892197e-01
3.180888175940337348e-01
4.516712794422825250e-02
1.837234545395590168e-01
3.357186519520103385e-01
2.717338788326848498e-01
3.527367725226978057e-01
3.836379957911802419e-01
2.811964755577172070e-01
2.810555452594034054e-01
2.841195707263294290e-01
2.980936569066147679e-01
1.400757962840466775e-01
4.184653447146563510e-01
6.624921778210118850e-02
5.567894745136187790e-02
3.045314003955901239e-01
1.974324243125810396e-01
3.167423114267185480e-01
2.887503866083009352e-01
3.189966964072632472e-01
3.512705360765240314e-01
2.138768365629053203e-01
-1.609260367963683269e-01
3.129295897600518628e-01
3.845414354604410057e-01
2.952105914656290575e-01
2.841184650064850770e-01
4.433201597989623877e-01
3.605843546368352470e-01
3.133140802594033825e-01
3.390314701361867855e-01
3.058490738586251423e-01
3.791256911543449681e-01
3.485760203761348874e-01
3.562187926783398906e-01
3.405105948249027570e-01
1.980990125486380982e-01
2.979647178274967834e-01
3.651740807068741823e-01
1.290455666601816043e-01
2.914536324837872505e-01
3.180286993579766741e-01
3.384483020298313938e-01
3.218923161154345070e-01
3.647993513813229671e-01
6.563683195849548402e-02
1.619408147211413573e-01
3.744518588197146003e-01
7.234309843709467447e-02
6.430101203631646833e-02
2.108845428274968015e-01
2.790673970881971111e-01
1.982583926718547163e-01
2.151384713553826378e-01
7.254196450713361333e-02
5.784584246784922890e-01
8.378561867627494220e-01
2.284670866518846988e-01
2.889395434811530272e-01
3.051158432815964661e-01
3.865880668957871191e-01
2.752297009312638654e-01
1.451106084922394734e-01
2.852040403325942775e-01
3.261716688248336715e-01
3.992057720177383806e-01
2.211078442128603105e-01
2.184589235033259358e-01
3.139240127494456467e-01
4.184264499778270752e-01
2.661031479600887151e-01
2.294538726607538992e-01
2.481149834811530175e-01
2.558719859866961932e-01
2.759138184700665186e-01
2.429698365853658337e-01
2.430447724611973781e-01
2.335164234146341611e-01
4.016619489578713842e-01
7.498955050997783145e-01
7.937922761640797686e-01
7.545900808203990229e-01
8.682679833924612511e-01
1.684455495787139656e-01
1.604797278935698179e-01
2.344460478935698478e-01
3.407739819733924813e-01
2.153965392904656218e-01
3.748759363636364195e-01
1.802131199334811584e-01
1.878401257871396834e-01
2.468746590465631940e-01
2.343762615299334606e-01
1.678817919955654103e-01
2.955525921729489913e-01
4.153457349667405984e-01
2.776597512195121964e-01
1.814649952328159510e-01
2.482172174057649949e-01
2.526590049667405968e-01
2.391639852993348303e-01
8.945826941463416171e-01
-1.593720032372505646e-01
4.042304074501108513e-01
1.889916126385809136e-01
3.174206027937916397e-01
8.453300202882484404e-01
3.504325863636363891e-01
3.724184984035476265e-01
-2.228126662971178021e-02
1.888379035033259101e-01
2.958417070066519106e-01
2.231935314412417104e-01
2.651109549667405862e-01
3.357408104878048527e-01
1.661625881596452414e-01
3.212858749223946875e-01
1.166677776541019895e+00
5.214968599556540907e-01
3.201623917073170289e-01
2.327318685365853679e-01
3.111714132644627928e-01
3.037505454462809951e-01
2.952652056033058248e-01
2.980542115041322493e-01
-9.552634515702475293e-02
3.856922454380165011e-01
7.358466290743801430e-01
4.524983980413223583e-01
3.476929025371900961e-01
3.754681274958677206e-01
3.419268676363637072e-01
4.555432706528926290e-01
2.498368159090908758e-01
3.723775550082644159e-01
3.787472946942148644e-01
1.671147436033057765e-01
4.192553982396693968e-01
9.089377795041318764e-02
3.271508933140496178e-01
3.216072887107438438e-01
3.724739034710743413e-01
3.541992296033057985e-01
-3.643720279338843321e-02
-1.755283342809917380e-01
4.334596103636363384e-01
3.916397054793389065e-01
2.811967072809917201e-01
3.528984702231405257e-01
2.919189199173553573e-01
-5.744314848595042378e-01
2.779891504710743644e-01
3.764963154462810380e-01
2.248489035289256421e-01
3.982562634297520665e-01
-3.957885593057851592e-01
3.234959387520661145e-01
3.383702187107437975e-01
-2.340602467107437690e-01
3.654671663636364087e-01
3.814541944628099257e-01
2.673453414710743603e-01
3.044022637603305825e-01
7.683570216528924635e-02
-3.377107350413221382e-02
2.849036807272726790e-01
2.892821330909091104e-01
3.217735754049587116e-01
3.325367028429752070e-01
2.706974447851239751e-01
-2.114108290082644392e-01
3.010679514297520676e-01
2.832388515537189733e-01
3.706227315041321635e-01
3.900552216115703019e-01
2.990422721074380008e-01
4.123633185785123834e-01
-2.232625238347107632e-01
4.681287969338842614e-01
3.899991023884297747e-01
3.653486673801653040e-01
4.019752466446280814e-01
3.159518350909090723e-01
2.696923586033058151e-01
2.811436196446280844e-01
3.143726487768594979e-01
4.940280044793388114e-01
2.724327533333333329e-01
2.915273633333333447e-01
2.618827933333333080e-01
4.099702233333333279e-01
1.289116166666666619e+00
1.305495763333333281e+00
3.082764499999999797e-01
7.070625533333333435e-01
1.716503666666666650e-01
1.641353000000000117e-01
2.980883433333332833e-01
3.670882566666666680e-01
5.641931100000000532e-01
2.920362866666666446e-01
4.017551333333333474e-01
2.517923799999999823e-01
2.336158799999999980e-01
-3.066259666666666384e-01
3.131340333333333947e-01
1.640789066666666629e-01
7.937124533333332899e-01
8.997235833333333543e-01
1.791433099999999723e-01
1.952291866666666653e-01
3.901748766666666701e-01
1.934111133333333565e-01
2.848011800000000426e-01
2.692280000000000229e-01
1.076451199999999969e-01
1.804718466666666854e-01
4.331017366666666812e-01
2.908347633333333015e-01
4.550038866666666348e-01
2.331199233333333398e-01
4.903738266666666235e-01
4.291560833333333824e-01
1.660302966666666602e-01
1.484345300000000090e-01
4.041278833333333265e-01
2.536640966666666164e-01
2.831141633333333352e-01
2.132599566666666391e-01
2.706185199999999735e-01
2.195748200000000316e-01
2.715666299999999755e-01
2.109837066666666594e-01
3.165668033333333131e-01
2.825982033333333532e-01
6.235885133333333163e-01
1.495821779999999990e+00
-4.802560000000000162e-02
2.692696599999999663e-01
4.241150366666666671e-01
2.232898566666666751e-01
1.926308399999999976e-01
3.194318599999999564e-01
3.998763000000000178e-01
3.043579033333333461e-01
3.102676266666666294e-01
2.869841200000000092e-01
1.853675500000000198e-01
2.098662599999999989e-01
2.283653900000000014e-01
2.637823933333333648e-01
2.606461266666666443e-01
3.188364233333333408e-01
2.190070725785340233e-01
1.435358931871727473e-01
3.081321348429320039e-01
3.841285533769633886e-01
3.309440171335078507e-01
3.004430540837695895e-01
2.866203762958114964e-01
2.764637216426701904e-01
9.387742687172777323e-02
3.079575535863874336e-01
2.546188197774869044e-01
3.098069243651832561e-01
3.198848112565444990e-01
-2.190520628272252940e-02
2.846060097382198673e-01
2.867709612892670457e-01
1.884221571858638589e-01
-2.477576700261780243e-02
2.892579614659686049e-01
3.223323045811518628e-01
-6.383348157722512628e-02
1.661429517146596757e-01
3.332517412172774640e-01
2.742103876832460707e-01
3.091558173756544514e-01
9.737825887434553573e-02
2.906149608965968301e-01
3.536878630562827475e-01
2.684599128403141188e-01
2.667793238416230062e-01
2.688993829057591545e-01
3.243208689201570460e-01
3.209853249672774966e-01
8.675057977748690252e-02
5.961856062172776055e-02
-1.721492176701571244e-02
2.975443988808900708e-01
3.688511386387434698e-01
-5.698697480170157315e-01
2.235510220287957872e-01
3.958600609620419042e-01
2.392007920484293393e-01
3.570052366361256557e-01
3.271622536191099440e-01
3.455716331806282238e-01
3.340889699607329510e-01
2.776655325327225254e-01
3.196991325458115041e-01
1.049498401178010631e-01
3.423837487499999943e-01
2.963223893717277235e-01
3.568257975589005371e-01
3.312528261125654572e-01
2.001024176439790414e-01
3.085724599738219887e-01
2.749848205104711840e-01
6.600756033769633602e-01
6.819825788547121403e-01
4.738022987238220129e-01
2.867759360863874063e-01
2.742220715314135915e-01
2.901546304253926345e-01
3.047955845549737974e-01
3.143960810013088913e-01
2.571132032002617640e-01
-1.878308897185863580e-01
2.302916136875000075e-01
-2.168447255624999792e-01
5.491617896874999571e-01
2.042826414687500258e-01
3.238829957656250147e-01
2.617348977812500310e-01
2.722478477187499912e-01
3.222236398593750217e-01
1.987458964062499833e-01
3.231573200781249766e-01
2.022200856093749888e-01
8.296209296875001193e-02
3.023252148906249714e-01
4.576415644687500395e-01
6.005156112812499725e-01
7.490697874687499702e-01
2.250976627187499801e-01
3.455958936249999836e-01
2.757421401875000400e-01
2.525480526250000191e-01
2.160257510468749920e-01
2.178054684531249841e-01
2.973648753906250053e-01
1.851003768437499697e-01
-2.465103139062498894e-01
1.939324849999999878e-01
3.059862234062499797e-01
2.487455916874999617e-01
2.763535317031249883e-01
3.001690372499999926e-01
1.983772865156250009e-01
3.120388896562499847e-01
2.703156252812499716e-01
2.942181082812499460e-01
7.355850692968750604e-01
4.478655548125000108e-01
1.975098592343750015e-01
2.323147361562500068e-01
3.265271974687499745e-01
2.346844177187500102e-01
3.139167226406249789e-01
3.903611142968749781e-01
3.211140870937500003e-01
-1.127942026562500227e-01
3.008780138281250127e-01
2.847660305781249956e-01
2.620460247343749938e-01
2.656810866562500095e-01
2.200541508281250169e-01
2.354756611718749892e-01
2.726721002968749974e-01
3.887676555312500337e-01
3.178498026718750147e-01
2.696325695625000352e-01
2.402493360156249813e-01
1.750791556093750090e-01
7.834652867031250967e-01
2.015425265937499932e-01
2.274775241406249704e-01
2.886568796874999787e-02
5.035807079062499803e-01
5.602122967499999495e-01
3.138633061406249647e-01
2.650591678593750000e-01
3.584358308281250238e-01
6.054788135781249414e-01
-3.948906597761685233e-02
2.677935566359446740e-01
3.484065445753785073e-01
2.399594427518103867e-01
3.471516042198815044e-01
5.175369429229758483e-02
3.729896323238973133e-01
3.099882502830809683e-01
3.945546590783410301e-01
3.013609311125740597e-01
3.154366635220539616e-01
1.910749835418036830e-03
1.902653652732060885e-01
1.680664460829493223e-01
2.007230745951283368e-01
4.133824110269914698e-01
3.042103996510862607e-01
3.090841532455562701e-01
2.785726009282422644e-01
3.111313614417379747e-01
1.531505071889401048e-01
2.795788242132982160e-01
3.560116796115865845e-01
3.048291234430546282e-01
3.012906502304147360e-01
3.310540397169190463e-01
2.721214863265306039e-01
3.975092840882158973e-01
2.749759347070440674e-01
3.252046826201447915e-01
2.782055942527978387e-01
2.767540346148781860e-01
1.736598804805793428e-01
2.745216996379196694e-01
2.240722373666886313e-01
2.399832304542462158e-01
3.496069584397629715e-01
2.905752696313364525e-01
2.631593637458854440e-01
1.126077878670177640e-01
-2.363104821066490946e-01
3.122535123699802795e-01
1.921309951152073980e-01
7.313591491770904396e-02
2.859142625411454364e-01
3.417585367544437314e-01
3.138240407175773572e-01
3.269174696181698647e-01
2.939385865832784828e-01
3.411067701711652522e-01
2.358139689532587069e-01
1.171568430480579709e-01
-1.993357802304147885e-01
2.672049704674128168e-01
4.795525714417380181e-01
3.452486226464780011e-02
-4.381643712969056359e-02
3.504347857077023676e-01
2.996665721198156218e-01
2.590217614088216047e-01
3.220329095194207070e-01
1.522022031994733349e-01
2.913743943449638163e-01
2.110850632982224917e-01
2.878305366227781326e-01
3.966027662870309500e-01
2.886589391059602439e-01
4.922365619205298359e-01
2.923352668874172333e-01
2.821664217218542992e-01
2.567881165562914125e-01
4.534716811258278080e-01
6.030288651324503535e-01
3.374447321192052818e-01
3.618372445695364203e-01
3.396330947350993945e-01
2.457409174503311644e-01
-8.141638214900662751e-01
1.964161080132450499e-01
1.722943597682119465e-01
-6.279662316887417717e-01
5.207534038410596144e-01
1.729702091390728502e-01
7.594272247019866473e-01
4.055732509602649194e-01
1.792401348013245022e-01
3.492978546026490050e-01
5.443735869867549759e-01
3.007776605960265082e-01
4.636832711258278006e-01
2.822222941059602808e-01
2.746565965894039452e-01
2.868257232119205136e-01
2.673417453311258130e-01
6.794940222185430478e-01
7.816781912582781988e-01
3.054381983443708592e-01
5.084129366887417678e-01
2.616647034105960001e-01
-8.422802911589404307e-01
-8.801538429139073028e-01
3.189931632450330734e-01
-1.375026588079470147e-01
1.701954883774834393e-01
4.434528444701987260e-01
2.105810898675496701e-01
2.987550825165563029e-01
-6.509630460264899388e-02
2.582568112582781517e-01
2.374028142715231826e-01
3.440869520529801218e-01
3.763999746026490123e-01
7.194826225165562583e-02
6.036588657947019598e-01
2.981663434437086257e-01
2.300749732450330931e-01
2.430204120198675433e-01
2.743274923509934071e-01
3.259337022847682008e-01
4.646019170198675274e-01
3.485180270860926965e-01
2.698171039072847499e-01
6.466392821523180290e-01
4.253811535761589657e-01
7.111372304304636183e-01
4.570438415562914081e-01
3.187890252649007161e-01
2.789469381788079461e-01
2.181149663576159026e-01
2.842760388079469958e-01
2.590096008278145456e-01
2.382397588410595790e-01
1.308268840702210833e-01
2.795093603771131030e-01
3.087631283485045564e-01
2.817598867945383390e-01
6.549669755526658088e-01
-1.902430748634590107e-01
2.625647128738621272e-01
2.797275119115734676e-01
3.484465551820546403e-01
3.369566791027307495e-01
2.822960703901170043e-01
-1.373220650780233865e-01
2.539132715604681678e-01
2.818953426592977762e-01
3.236093701950585322e-01
3.225634305006502278e-01
2.907736351950584996e-01
2.994465972366709972e-01
3.842718603771131392e-01
2.904372921976592914e-01
3.232722980624186948e-01
4.766505221651495816e-01
2.943437039856957038e-01
7.787586910923276207e-02
3.176570517425227336e-01
2.938933514954486514e-01
3.298288619115735121e-01
2.834516564824447471e-01
2.766002519245774338e-01
2.693004777828348351e-01
3.368968049154746902e-01
3.165334436280884400e-01
3.372533423472041658e-01
4.247106868010402936e-01
2.747666075942783448e-01
3.724003668855656590e-01
1.777030775812743768e-01
-1.492875266840051895e-01
4.232714156436930830e-01
7.507812964564369862e-01
2.792602902665799469e-01
2.746099080689206606e-01
3.083808067230168759e-01
4.744469439856957016e-01
3.199463146553966353e-01
2.877074282379714076e-01
9.238146957087117056e-03
2.129332620676203103e-01
2.451515330364109069e-01
3.318263543172952357e-01
3.241907430494148090e-01
2.976853633289986978e-01
2.708069121586476058e-01
3.198988652210663086e-01
5.939607744473340833e-02
3.890666420156047578e-01
3.279086653641092863e-01
3.655255160663199443e-01
3.327480292717815424e-01
2.557699515734720430e-01
4.305844858257477231e-02
5.627886534525357032e-01
3.206057944278283278e-01
3.147799640507151775e-01
3.383232594668399984e-01
3.192846462158647758e-01
3.065746175291828579e-01
3.234881003242541797e-01
2.933189742347600548e-01
2.597366320687419239e-01
2.445798470363164390e-01
2.777590456939040275e-01
3.162723235408560485e-01
2.451886714137483658e-01
2.989594147470817087e-01
4.062310087937742731e-01
-2.138478311089494210e-01
1.403477063878080244e-01
7.389042120622557261e-03
2.977080135927367421e-01
2.051111563294422957e-01
8.205995500648508023e-02
5.661102954669261500e-01
3.143721516147859885e-01
3.472774889105058049e-01
3.095462392931258022e-01
2.275006477950713146e-01
2.005387536186769848e-01
2.891220293450064704e-01
3.205186127367056215e-01
3.140021029442282563e-01
4.779487744811932171e-01
3.184401192671854619e-01
2.772889673411154665e-01
3.068973892801556413e-01
2.512406451491569492e-01
4.221076177107652705e-01
2.019494639948119508e-01
3.266395819001297052e-01
2.576754765564202576e-01
3.881043650453955968e-02
2.957799723994811725e-01
2.687252865239948552e-01
1.969789343968871564e-01
1.115589146952010308e-01
2.201204587613488917e-01
3.093511296303502189e-01
2.938327102788586553e-01
2.349893714721141003e-01
6.598837106355383286e-02
1.950369166212710947e-01
3.016870486251621020e-01
2.404551727172503650e-01
2.957143953372243783e-01
3.148888582749675424e-01
3.735035309208820653e-01
2.378619600972762815e-01
2.560106601556420558e-01
2.694884794163424080e-01
3.136704766212711215e-01
3.983044728599221540e-01
2.915541762970168538e-01
-8.105997577821012767e-02
3.694484910505835829e-01
2.474097569066147917e-01
2.978009870946821680e-01
2.423254636575875587e-01
4.269528110830091427e-01
1.698380487159532881e-01
2.518542840856031195e-01
3.038268787548638050e-01
3.050324473735408493e-01
4.930211331756318982e-01
9.795307832534023706e-01
4.639487464225534041e-01
6.869837216137394398e-01
2.728437171743356982e-01
2.966209593972780612e-01
2.989294782760855140e-01
3.166105555994815357e-01
5.022383893195074833e-01
2.039982425081011130e-01
3.382661621581334876e-01
2.702597548412183914e-01
2.258510405638367025e-01
2.602572032145171743e-01
3.181543258457550372e-01
2.963621666493843065e-01
1.716728185871678747e-01
6.108713156837329572e-02
2.676136846791963841e-01
3.011684838690862343e-01
-8.600568879455605664e-02
3.216399843357096722e-01
3.882462085353208248e-01
3.084445106804925563e-01
2.539002995204147628e-01
1.372695396694750547e-01
3.557261595528191656e-01
3.121012648152948765e-01
3.317008477835385882e-01
1.669566613285806966e-01
3.221290379455605812e-01
1.875454108684381227e-01
1.885569483149708570e-01
3.482797889176927897e-01
3.856552235968891962e-01
2.962781434413480630e-01
-3.385284959170446473e-01
4.334166512702526952e-01
3.636378738496435226e-01
4.131758275048606488e-01
2.672050210952690019e-01
2.863856892222942374e-01
1.584324332274789360e-01
5.309972681918341264e-01
3.989577027543745325e-01
2.705770857355800363e-01
1.181390327284510544e-01
2.562940292741412995e-01
4.439850051004536335e-01
2.643243943551522590e-01
2.990043258327932385e-01
2.857106132145171284e-01
2.887157534348671062e-01
3.114051042125728919e-01
2.792275220090732479e-01
3.702616114452365603e-01
5.582050476992870408e-02
3.815852376085547837e-01
4.739133790537913282e-01
2.590052396500324150e-01
2.607218744394037557e-01
2.879649354957874441e-01
3.232944872650680423e-01
3.290195038302008990e-01
3.011145167595593031e-01
2.941976985482825935e-01
3.697584242239685404e-01
4.163980103536346067e-01
2.887527907727570065e-01
1.987076684741322929e-01
2.391210325212835552e-01
2.412368362148002987e-01
4.169862277799606942e-01
2.709247151604453618e-01
3.242536053045185634e-02
2.464812220497707984e-01
3.323968384413883426e-01
4.021199553831041884e-01
1.391503919777341280e-01
2.259783387819253586e-01
3.356153778978388513e-01
3.259785583038637968e-01
2.707997604453176166e-01
3.301143973018991762e-01
6.170435632285526939e-01
7.120438234119188525e-01
2.288090796791093784e-01
3.364973105697445233e-01
3.239741632874917898e-01
3.132039380943025808e-01
2.592286409430255567e-01
2.753150635101506150e-01
1.349179118009168621e-01
2.625496524557957012e-01
-8.969335605762936148e-02
5.752708753241650985e-01
2.542082707924034346e-01
2.720167314865749586e-01
2.151178202946955054e-01
2.719058344662737547e-01
2.019285272757039840e-01
2.790996298493778616e-01
1.053282194237065844e-01
1.889450964505566266e-01
6.805703138113948780e-01
8.189696911001964619e-01
3.280240058415193061e-01
2.261986691552063111e-01
2.715843646168958347e-01
2.854927904780615311e-01
3.963236302161100566e-01
3.101281491748526520e-01
2.377592985789128699e-01
2.979503599410608938e-01
3.500218527635887700e-01
2.523664465749836383e-01
2.377855277668631251e-01
2.720941563981663647e-01
2.211973354092992838e-01
2.692743982252783219e-01
2.529083154485919915e-01
3.996613028552717384e-01
3.231949466666666493e-01
3.064076150949573973e-01
-5.740319733464309404e-02
1.809176352979698643e-01
3.357307197249508879e-01
4.254746162017026823e-01
6.049557253176162108e-01
1.856692366470203137e-01
3.992597601309758049e-01
2.778669712442698447e-01
1.968669735055591785e-01
1.388484763374754627e-01
2.907563481425768925e-01
2.453555908567691402e-01
3.888132840810987756e-01
3.127858821713538351e-01
3.223120317854807348e-01
3.016546317069980776e-01
3.530331338260301322e-01
3.274554928973185119e-01
3.222363442184433824e-01
1.416558531066056115e-01
1.830786970961413018e-01
2.732856608960104738e-01
3.345927666579463500e-01
4.110207284303466491e-01
3.199830321124917942e-01
3.653303664421190811e-01
3.545381022890777833e-01
-2.127220157946370094e-01
4.379632245127533241e-01
3.000105591628515200e-01
2.361744899345978033e-01
2.515771052387181239e-01
1.705400334990189448e-01
9.619610129496401763e-02
3.083680344146500496e-01
2.736457687508175307e-01
5.039453518378025354e-01
8.706328438652713997e-01
4.182094876062786293e-01
2.775696106932635243e-01
3.080963539764551840e-01
4.287593332177893624e-01
3.426107751340745633e-01
3.045952843034663293e-01
3.038714327992151909e-01
3.877043570503597159e-01
3.473725791759319503e-01
-2.490450689862655220e-01
2.302739510529758227e-01
3.843136665140613195e-02
3.531695148593852474e-01
4.694991493721387132e-01
3.812457401046435157e-01
8.339306299542184608e-02
3.151246842315238439e-01
-3.273824295421843833e-01
2.873110950752125192e-01
2.721698583126226367e-01
3.446640349313276341e-01
3.363057809875735771e-01
2.866434231523871667e-01
2.711280129561804975e-01
3.836469587965990469e-01
3.480162027534335900e-01
7.690549286461739742e-02
-7.759887015696535773e-02
2.273831706671026742e-01
2.073435955330281411e-01
5.356475342053632765e-02
2.547771299607586859e-01
2.602360780837148502e-01
2.935859043623283426e-01
4.329775581687377306e-01
3.320653437213865189e-01
4.196036062303664660e-01
2.782639549280104818e-01
-1.612242403795811629e-01
2.740052855497382422e-01
3.391088706217277871e-01
3.229313355890052195e-01
2.284591649999999918e-01
2.051304171531413978e-01
3.856360202814136384e-01
3.491239235602094926e-01
2.826248078992146251e-01
3.366983503403142008e-01
3.158203668651832219e-01
3.383712779842931728e-01
3.959625605235602697e-01
2.912888625065445103e-01
3.084738703664921533e-01
3.250919913350785451e-01
2.856454297840314016e-01
3.432835776243455261e-01
2.696729641623036300e-01
3.352226642277487678e-01
3.222233655497382387e-01
3.485307532198952951e-01
4.733133514201570691e-01
3.253091411060209381e-01
3.375117306413612517e-01
3.682441385994764671e-01
2.627798550589005022e-01
1.291727991034031520e-01
3.354717604188481306e-01
2.862250844502617353e-01
-4.267229383246074481e-01
2.942100442539267169e-01
3.178625600065445589e-01
4.887000909358638623e-01
5.286353536649215923e-02
1.011949939463350490e-01
2.897670647382198927e-01
3.455893070091622943e-01
3.100588221858638360e-01
3.636486472513089652e-02
3.413191071400523136e-01
3.008559680955497084e-01
2.236303029777487184e-01
7.751934828534032262e-02
3.536938321073298530e-01
2.789506080693717194e-01
3.407959214594241115e-01
2.820699155890052379e-01
2.910129524214659646e-01
2.334306153730366096e-01
3.579560369306283296e-01
2.931666277748691263e-01
3.033950941230366682e-01
4.924895393520942743e-01
4.988961194371727137e-01
1.435559262238219891e-01
2.777291234293193800e-01
3.770983636387434390e-01
3.800664924803665023e-01
3.794330862827225426e-01
1.880159425916230476e-01
4.782720981151832862e-01
4.955208562696334917e-01
3.057610085078535378e-02
2.877790197718382847e-01
3.143155272164275815e-01
5.369099506844849934e-01
7.956250416166884554e-01
3.068188384810952019e-01
-2.567805546740548062e-01
3.292189797718383382e-01
3.414075089308996613e-01
3.651657393937419172e-01
2.933705421642763822e-01
5.273547541786179904e-01
3.122432508800521700e-01
2.646227307627118663e-01
2.792852633898305070e-01
2.867436088005215211e-01
3.807436286701434414e-01
9.539900195567094883e-04
-1.689060541916558300e-01
2.741339262516297448e-01
3.579913171121251736e-01
1.183978573402868217e-01
3.492213018970012905e-01
2.756224041264667690e-01
4.929617460169491983e-01
3.120703334028682718e-01
4.133488723598435777e-02
3.025886158213820232e-01
4.267554276271186553e-01
2.601692340677966286e-01
-3.422177369947849157e-01
4.358384792764016247e-01
7.638601757235984335e-01
2.973951837483702620e-01
1.850658960234680683e-01
3.488239052216427494e-01
2.643031824511082317e-01
2.832521410560626118e-01
2.363405157757496877e-01
2.641673830052151395e-01
4.543083433898305046e-01
-6.089066566492828958e-02
9.943624824641456028e-02
3.471281395241199164e-01
3.426993876140808082e-01
2.087268298500652153e-01
4.684630285723598297e-01
2.825541792829204257e-01
4.247719595371577395e-01
2.923476149674054669e-01
3.788274183767926795e-01
3.036742418448500347e-01
4.037440460495436700e-01
1.799583246544980419e-01
2.115483821382007912e-01
2.759518939308995833e-01
1.544624042633637728e-01
1.484828912972620540e-01
4.418242758670143377e-01
2.920541459778356885e-01
3.608779709647979561e-01
3.559783737157757311e-01
2.785131586049544028e-01
2.952521852020860704e-01
1.311588327900912836e-02
3.441081618578878398e-01
3.824872750717078773e-01
2.499764584826684455e-01
-2.460860020078483035e-01
2.525652960824067983e-01
3.113922589797252782e-01
2.116650692478743989e-01
1.970283427730542408e-02
2.696538993459777767e-01
4.956912271353826061e-01
3.157206625768476105e-01
3.339299223021582885e-01
3.611560351733159591e-01
2.893165862393721754e-01
3.249269556049705909e-01
3.271045861935906185e-01
2.837427539502943019e-01
2.836812928776978326e-01
3.006701691301504331e-01
2.877036653237410313e-01
3.734432666383257216e-01
4.477348233355133988e-01
1.384810553041203318e-01
3.452093441268803131e-01
2.940402337606278782e-01
3.424420586265533029e-01
4.464607991497711037e-01
2.983389035513407395e-01
3.848230693263571256e-01
4.596597179398299593e-01
4.410606701635055860e-01
1.743246229954218407e-01
2.921440573642903882e-01
3.041707192020928763e-01
2.687635801896664511e-01
3.449132049444080805e-01
2.101272591170699755e-01
-4.175986075147154475e-01
1.139085338783518697e-01
1.183616656834532571e-01
2.961699174296926196e-01
4.769554298168738327e-01
3.286538887050359792e-01
3.823158902027469219e-01
1.133280986069326313e-01
1.839803790255068738e-01
2.838305857684761402e-01
3.322496788554610836e-01
3.175913439502943691e-01
3.028661846631784949e-01
4.337766170699803858e-01
3.819531547743623134e-01
1.392248814911707100e-01
-1.656197787311968206e-01
2.814392113603662593e-01
2.595020891301503818e-01
4.055955048332242630e-01
3.163228892544146520e-01
2.692743995094832865e-01
4.394177590712884385e-01
3.168723093198169138e-01
7.499800559843032566e-02
9.225480415958145497e-02
3.347279961020274697e-01
3.102890937867887056e-01
2.795217802877697499e-01
1.578358255330281068e-01
2.753627543230869890e-01
2.553732966214806721e-01
2.772295288946819425e-01
7.778112091762255653e-02
-6.111623429614181785e-02
2.316552182377476510e-01
3.258571030031282567e-01
2.592935613972888742e-01
2.696115050156412951e-01
3.001584709280500363e-01
2.343544058915536799e-01
2.036094030656934173e-01
3.354530530344108641e-01
5.154561562877998382e-01
3.786365387904067070e-01
1.325237826173097100e-01
3.757178800729926715e-01
2.581589963712200286e-01
3.217098895828989225e-01
3.273125865797705814e-01
3.636995953388946767e-01
2.755333660792492201e-01
4.788899579353493308e-01
2.293020812095933336e-01
2.394946556308654995e-01
2.528732672158498507e-01
2.446844772784149968e-01
9.248056185610008251e-02
2.889385461105317132e-01
-1.257874213451511403e-01
3.170447642231490892e-01
-2.993968525860271068e-01
3.306947092387904075e-01
2.879306894681960549e-01
2.190270113138686192e-01
3.084288266214806895e-01
3.289641491970803355e-01
3.036740544525547425e-01
3.503225251929092954e-01
2.816494123566214980e-01
3.146892468821689270e-01
2.957666592179353793e-01
4.829094173201251561e-01
2.607438097810219069e-01
3.688034705213764641e-01
-1.907925298227319127e-02
5.191157172054223778e-01
3.310797387904066968e-01
2.651850157247132023e-01
3.609106363399374184e-01
2.812533459332638430e-01
4.840592937851929123e-01
2.994161487904066221e-01
2.710491864650678151e-01
3.274635084984358069e-01
1.759835321063608071e-01
9.180245009071950069e-01
-1.892674816684045969e-01
2.293025297810219187e-01
2.225725316892596395e-01
2.768967507924922078e-01
2.366900924087591562e-01
-1.955454016162669340e-01
4.112133171220020422e-01
3.240721274973931143e-01
1.574360086652763224e-01
3.333726973722627718e-01
3.678387340350877666e-01
2.510805941000650021e-01
2.734262597400909933e-01
-1.312207821377517902e-01
3.971367683170890506e-01
3.859634742430148591e-01
1.215213093827160473e-01
4.204916128784925156e-01
3.607461096361273545e-01
2.623969808382066171e-01
3.423431734957765316e-01
2.739437904743339813e-01
-8.044996581351527842e-01
1.801224905782976282e-01
3.156489684210526114e-01
3.907430753086419406e-01
2.187099509746588399e-01
3.066084514749837786e-01
2.496863243664717291e-01
3.733054820272904695e-01
3.913033293567251825e-01
3.114327757569850252e-01
3.453589218453541609e-01
2.233968744119557981e-01
2.808953615594542153e-01
2.765653138791422938e-01
3.217428923651722283e-01
3.893881502599090272e-01
3.687776463157894646e-01
2.912334277582845909e-01
2.933920275893436846e-01
1.066219302339181385e-01
-1.085232834957762689e-02
5.207178023131904254e-01
6.397583670565302194e-01
2.451658870500325049e-01
3.135912891358025312e-01
2.125326505263157861e-01
3.245019979467186899e-01
5.609095606757634744e-01
3.262097699350227642e-01
4.318869984405459411e-02
3.648527977647823550e-01
3.342375437946718542e-01
3.186188687914229822e-01
2.935842239961013456e-01
3.697161140870695584e-01
4.629187262118258372e-01
4.137767810526316037e-01
3.902259743014944715e-01
-7.089736812865497784e-02
2.586098048732943244e-01
3.247946282586094968e-01
2.976805176868095870e-01
9.435761773879142167e-02
2.476166859064327930e-01
2.985681156270305614e-01
1.871121903833658229e-01
2.250117724431449084e-01
-4.293078162313190838e-01
8.359844608187134984e-02
1.659452470695256809e-01
3.266848977777777607e-01
1.098910935607537165e-01
3.145787793632228713e-01
3.020381452566601732e-01
5.602061199999999186e-01
2.820226249999999713e-01
-5.835045199999999710e-01
1.711332649999999789e-01
2.880470299999999817e-01
2.838529000000000191e-01
-8.843541350000000412e-01
2.281173550000000216e-01
2.533654399999999973e-01
3.164933050000000025e-01
7.332098000000000781e-02
3.609680450000000151e-01
3.071153999999999828e-01
3.009784650000000283e-01
4.201940200000000014e-01
2.863915150000000409e-01
3.768297700000000083e-01
3.213769949999999986e-01
2.907089150000000122e-01
3.156396099999999594e-01
2.950714199999999732e-01
3.591108899999999604e-01
-2.594651700000000227e-01
2.912318950000000184e-01
2.541466199999999898e-01
8.182288399999999573e-01
2.503765550000000006e-01
2.830959299999999956e-01
2.833122499999999877e-01
2.431215899999999985e-01
3.404873600000000167e-01
3.308786200000000122e-01
3.164745800000000053e-01
6.216966550000000424e-01
3.443885199999999758e-01
2.787820199999999637e-01
-7.783587450000000185e-01
1.712474250000000087e-01
4.006491349999999896e-01
3.505942850000000055e-01
3.077637799999999868e-01
2.941602450000000424e-01
2.950409999999999977e-01
1.832389500000000115e-01
6.112817500000000681e-01
7.544946399999999942e-01
2.377580699999999880e-01
2.552655449999999826e-01
4.157115799999999695e-01
3.366684800000000477e-01
1.961189449999999890e-01
3.741614249999999919e-01
3.875568249999999937e-01
-2.125785900000000117e-01
2.832249300000000414e-01
7.803202600000000988e-01
1.747628199999999854e-01
2.573360000000000092e-01
2.676138849999999958e-01
4.171151549999999597e-01
3.085405150000000152e-01
3.303105950000000401e-01
3.419174499999999561e-01
2.625911550000000205e-01
2.811521049999999855e-01
2.772914799999999791e-01
2.719037623952095806e-01
1.599645026946107940e-01
4.451645635928143663e-01
4.420166798802395713e-01
2.642578686227544660e-01
3.153977054491017840e-01
4.951042118562875016e-01
4.402889814970060156e-01
1.661118124550898245e-01
1.884877466467066165e-01
-5.932224276646707040e-01
3.905769423353293024e-01
-4.667836834131736112e-01
3.689694813173652888e-01
3.151168923952095691e-01
5.096816318562874537e-01
2.651384798802395304e-01
2.603951322754490816e-01
2.792185903592814822e-01
3.107006582035927722e-01
2.099214974251496779e-01
2.629779220359280689e-01
2.857474758682634342e-01
2.923405943712574784e-01
2.774431607185628978e-01
-1.481407886227545101e-01
3.607798813772454816e-01
2.523177804191616969e-01
4.310362450898202469e-01
2.003367707185628455e-01
3.824016590419161421e-01
-1.927677875449101685e-01
3.041299663473053805e-01
3.047375888622754214e-01
6.844206047904191625e-02
4.139667056886227603e-01
1.656534870059880038e-01
4.840329318562874295e-01
3.472439750299401440e-01
2.667842100000000216e-01
2.550587693413173818e-01
3.653768243712575692e-01
5.554434043113771757e-01
3.772972732335329038e-01
2.991447393413173561e-01
2.612492819760479090e-01
2.563220691616766023e-01
4.989980146107784176e-01
2.971938635329341438e-01
2.964510183233532992e-01
8.070697221556885625e-02
3.073039944311377614e-01
-3.031202965269460536e-01
3.551971495209581553e-01
8.206108725748502142e-01
1.187028976227544996e+00
2.971522354491018536e-01
2.856970652694610924e-01
3.079724411377245397e-01
3.167211858083832654e-01
2.980945559880239792e-01
2.303692171257485655e-01
2.922353147305389309e-01
2.698262747904191516e-01
1.008171409520957962e+00
6.580813719161676678e-01
3.383770340168176238e-01
3.524254080142303347e-01
5.745376810349288599e-01
9.852994244890039832e-01
2.872026999482535925e-01
2.763142832470892873e-01
2.809737141914618319e-01
1.535823048447606809e-01
3.264074514230271840e-01
4.450424977878396082e-01
3.075907384540750300e-01
2.554585774514877006e-01
3.198335036351875882e-01
2.135361218499353397e-01
3.579825925873221237e-01
3.058407148771021822e-01
1.993488474838292501e-01
8.956461889391977016e-02
3.835765880271668760e-01
3.853544170310478911e-01
3.322639814812419767e-01
3.360771562483828578e-01
2.653820386998706482e-01
2.644010801423026802e-01
-5.014666540491591329e-01
-2.511798991591202360e-02
9.645149917852524624e-02
4.312941609637775398e-01
3.802555032858991324e-01
3.332908704527813293e-01
1.091805201811124094e-02
3.302731313712808231e-02
1.728420504333764429e-01
1.479810116300129264e-01
2.944485599223803374e-01
3.265404023544631329e-01
2.680359615329883649e-01
3.430237380465718244e-01
2.500502678266494083e-01
1.025562376908149831e-01
4.300025955304010439e-01
3.197912128007762145e-01
3.377812589327295889e-01
3.295017265847348109e-01
2.783970106791720522e-01
7.585756681759379949e-02
3.247231162807244775e-01
3.190720229236739813e-01
2.880774873738680131e-01
3.045091629560155444e-01
3.233869827813712905e-01
-6.276283569210869273e-02
4.237794309443725371e-01
3.967294762289780286e-01
3.258538945536869624e-01
3.574674093272962594e-01
3.251045005045277714e-01
4.298563919146183299e-01
2.473276130401034778e-01
4.287200321798188551e-01
3.682303184346700786e-01
3.626145578848641304e-01
2.730069855045278437e-01
3.511255627231565368e-01
3.116737207761966499e-01
3.259066990232858951e-01
-2.034208381383322342e-02
1.579701864511958709e-01
2.127353270911441496e-01
3.721077006916612695e-01
3.229847570717517824e-01
4.638907061926308972e-01
3.810196564705882194e-01
1.460985981512604726e-01
2.310324270846800254e-01
2.690796159987071667e-01
1.365406671687136586e-01
1.870449922171945611e-01
3.535530755332902397e-01
2.755686220426632471e-01
3.711147832062055563e-01
3.210378234001292630e-01
2.957616563930187126e-01
-3.671890091531997413e-01
3.210381465158371195e-01
3.038481182094376343e-01
3.169857650420168094e-01
3.488729279831932484e-01
3.576357761279896352e-01
2.948566290627020470e-01
-5.151013229476406052e-02
3.253283285261796554e-01
3.491446801486748353e-01
3.503063020555914897e-01
3.467857983581125181e-01
3.512227642598578226e-01
2.905669246929541358e-02
2.744844424305106778e-01
2.917252855009696555e-01
3.053575268196509485e-01
3.526500476018099017e-01
3.600089953522948027e-01
1.878049846477052309e-01
1.198789933096315596e-01
2.114902048222365716e-01
4.047828568972204333e-01
1.865957593471234410e-01
-4.963340533290240553e-02
2.831276052747252470e-01
3.951751443115708029e-01
3.177357920103425770e-01
3.003173241047187858e-01
3.411654771040724121e-01
3.428793024175823545e-01
3.658237292824822462e-01
4.454620938396896546e-01
3.188555828959276361e-01
4.170610366645119971e-01
3.485231470523594277e-01
2.890939725404007565e-01
2.884913461021331726e-01
3.976413592372333161e-01
3.546007252876535176e-01
2.843757744861021286e-01
2.878216401939237001e-01
4.872288845442792060e-01
2.181560043503555368e-01
4.394872378797669982e-02
4.205569127407886021e-01
2.627907692824821839e-01
3.220796729670329372e-01
3.869228187459599622e-01
5.482926339354837753e-02
3.780360581290322930e-01
3.080240370903225555e-01
3.352788663741935182e-01
3.879069293612902314e-01
2.898846137548387047e-01
3.161707780193547812e-01
9.278533512903228142e-02
3.072027893354838946e-01
3.652727920193548639e-01
1.315504136129032331e-01
1.160619028645161338e-01
4.083460571161289798e-01
4.009155201290323101e-01
2.215472274838709565e-01
3.383276554193547780e-01
2.856080134322580011e-01
3.491402061741935570e-01
3.046494580322580692e-01
3.203182561290323083e-01
2.954197314193547919e-01
2.424819273806451680e-01
3.507711171870967481e-01
2.568671295354838513e-01
3.348954997612903495e-01
-4.256202946774193530e-01
3.589499105677419477e-01
3.304128316903225393e-01
3.768258449290322054e-01
2.291324370387096687e-01
3.065646663354839041e-01
2.320187678322580827e-01
2.284026689354838602e-01
2.208075656129032671e-02
2.405849306967741685e-01
-4.166677447290322300e-01
3.494878220129032376e-01
3.143307259806451537e-01
3.135703841548386772e-01
3.848873277806451609e-01
2.576104929677419664e-01
1.278413452322580413e-01
3.968895748322580630e-01
1.648164084387096773e-01
8.962410852903227032e-02
1.693675439935483917e-01
1.524808101677419536e-01
2.584365048129032005e-01
7.393591515032258421e-01
1.205852617741935418e-01
3.307012363741935745e-01
3.768102152580644626e-01
3.578734942516129114e-01
3.395177859096774053e-01
1.365835712129032375e-01
2.877334697870967961e-01
3.536682082258064130e-01
4.143875109870967521e-01
4.736978130451612867e-01
9.331094091612902874e-02
3.719563662129031778e-01
3.187799850903225707e-01
9.208420228387098616e-02
3.645616541870967398e-01
3.893769276967741777e-01
2.978329194580645600e-01
1.739611905847953388e-01
5.173678556595192601e-01
2.185426915074723531e-01
9.644860995451592922e-02
3.964817221767381050e-01
3.225277974983755680e-01
2.631042082846003494e-01
2.805770383950617619e-01
3.510194236387264022e-01
3.162961686549707330e-01
4.357339194022092355e-01
3.415843657309941550e-01
2.834222366081871614e-01
3.043424138856399841e-01
2.943913587719298453e-01
1.052868593697205979e-01
2.297887187199480208e-01
2.398409483690708277e-01
3.530906002404158861e-01
2.891475784535412763e-01
2.625655108836907337e-01
-1.957644896426251058e-01
4.080789671345029235e-01
1.682923895711501139e-01
2.855875006952566797e-01
4.833558212670565624e-01
4.007576700584795093e-01
4.226606381416504465e-01
-3.443986110136452172e-01
-3.021770056205327903e-01
2.668158736257310037e-01
2.572326017933723730e-01
1.481803053736192310e-01
3.761395635802468607e-01
3.168396270955165517e-01
2.857891681676413276e-01
2.241930327875243656e-01
2.842732346913580121e-01
3.151497147498375506e-01
4.350760301169590560e-01
2.877526226250812225e-01
3.603676697855750510e-01
1.862226079532163514e-01
2.220681423586744474e-01
3.438808923131904116e-01
3.693172489213775167e-01
2.332632817998699926e-01
4.639454914230019544e-01
-1.539997698375568658e-01
4.362145626055880521e-01
3.254405325730994059e-01
4.136325103183886021e-01
2.586544976868096479e-01
3.478324938011695955e-01
2.053515468940870781e-01
2.346663662248213156e-01
3.287943439116309818e-01
3.956420246328785084e-01
1.572477920857699718e-01
3.643678827030539247e-01
3.272897638271604626e-01
2.800909669525665779e-01
1.178970394346978701e-01
3.740790813580246454e-01
2.714395560948667518e-01
3.460096271215075125e-01
3.610659105219071741e-01
3.994095277899484819e-01
2.845124983505154526e-01
2.532375970038659996e-01
3.464679172615979241e-01
2.548840715335051188e-01
2.903930719007731809e-01
3.075339184922680213e-01
3.160687313079896810e-01
3.379279210309277803e-01
6.053407793492268096e-01
2.227548814884020567e-01
2.540037924420103232e-01
2.660914382860825045e-01
1.691212514884020690e-01
2.247860631378865992e-01
2.978202187951031199e-01
-1.420070832474227586e-02
4.143098357474226390e-01
-9.528332522551546946e-02
2.082594675773195847e-01
3.198814676030928283e-01
3.137163098195876465e-01
3.347425694201030533e-01
3.136513388079896769e-01
3.334252490786082657e-01
3.211923963337628973e-01
6.775373194716494130e-01
3.067005332860824329e-01
4.036207377448453593e-01
2.984646422680412581e-01
2.686173412499999746e-01
2.659684673775773445e-01
3.137066622229381929e-01
3.174587393427835136e-01
3.219375118943298975e-01
2.558808059664948176e-01
2.466279215914948530e-01
3.088160511920103324e-01
3.876597981378865909e-01
2.587014135309277929e-01
4.348858819329896597e-01
1.908432522164948686e-01
-2.332144765335051606e-01
3.251722918878865443e-01
3.253490891881443692e-01
-3.261057525773194965e-02
3.059937430090206023e-01
2.566493522422680362e-01
3.079635407731958763e-01
2.651902897487113386e-01
2.956734428737113340e-01
3.105435013659793020e-01
2.823784524033505217e-01
2.409009120876288712e-01
2.457944949742267848e-01
2.621658143427835208e-01
-5.401475208118557136e-02
4.377380009213917567e-01
4.253607752448453905e-01
2.368412573260308962e-01
2.059891536404639123e-01
3.004561839819587243e-01
2.943211832474227491e-02
7.555595227384019896e-01
9.734703184858247704e-01
3.025772056984334379e-01
3.408486605221932586e-01
3.137388605221932414e-01
3.329104337532636793e-01
3.210491124020888043e-02
3.468082052480417343e-01
-2.172708280678849885e-02
2.462711087859008052e-01
3.976780845822454058e-01
2.793185276044386489e-01
3.446398340208877142e-01
3.188033022650130222e-01
1.061560665926892799e-01
1.848945041710182979e-01
3.435246207506527094e-01
2.805727322062663287e-01
3.372865606005222006e-01
2.552650967950391703e-01
2.931698078524804241e-01
2.869203061814621369e-01
2.170757243733681396e-01
3.720565999608355101e-01
3.014821198825065052e-01
3.395118887859007728e-01
2.594028394908617918e-02
4.050599768929503686e-01
3.504119815535248206e-01
3.111690797584856227e-01
5.561593832180156127e-01
3.162589246671018151e-01
3.498922596409921870e-01
3.057030722323759719e-01
-1.229183134334203426e-01
-1.702830403133159254e-01
5.144983586684073185e-01
3.777211475848564204e-01
1.037820285966057354e-01
2.309633705678851012e-01
1.456030068472584926e-01
2.383824270953002478e-01
2.887732358550913481e-01
2.185642184203655525e-01
2.300922561945169809e-01
-1.701579423955613957e-01
3.078576083355091253e-01
4.825748822389034354e-01
3.400896673955614014e-01
3.949207604960836004e-01
3.105315446214099162e-01
3.200552137859007940e-01
3.664399985248041891e-01
3.200044891840730932e-01
3.471066214947780559e-01
2.897673339295038786e-01
2.344438251631853765e-01
3.296313430483028828e-01
3.211544685248041708e-01
-1.799501172584856701e-01
3.007091849281984808e-01
4.423652992167101394e-01
3.097639898890339194e-01
1.918298784007833324e-01
3.533706169321149115e-01
3.107560946866840257e-01
4.201260890339424958e-01
2.832197268342036556e-01
3.028089309090908898e-01
2.680169690909090519e-01
2.012373400000000423e-01
2.690676045454545307e-01
2.137787072727272419e-01
3.721770018181818074e-01
3.987013845454545069e-01
3.599719699999999745e-01
1.743468563636363378e-01
3.453883790909090812e-01
1.988493600000000028e-01
3.420918081818182244e-01
3.204666572727272733e-01
3.813143763636363537e-01
3.717888263636364155e-01
2.696344427272727162e-01
2.218035018181818141e-01
2.861453318181818029e-01
2.817539254545454730e-01
2.795621300000000198e-01
1.002011743636363583e+00
1.232573682727272635e+00
1.079992127272727254e-01
3.073027490909090997e-01
4.975494263636363601e-01
2.305724081818182059e-01
2.132914536363635927e-01
2.585710209090908984e-01
2.535098909090908736e-01
2.783363454545454974e-01
7.364386627272726527e-01
2.048061236363636073e-01
3.206550290909090939e-01
3.040602118181818247e-01
3.299545136363635778e-01
2.113692354545454455e-01
5.995010918181818971e-01
3.936031490909090991e-01
2.813779081818181815e-01
6.397184854545453492e-01
5.193877536363635805e-01
4.436788972727273017e-01
2.950110636363636324e-02
2.867005536363636531e-01
3.606156190909091119e-01
3.098644600000000082e-01
5.951746145454545056e-01
7.806497845454546392e-01
3.868853927272727367e-01
2.576850427272727173e-01
2.763450090909090884e-01
-8.441839027272728391e-01
2.229056618181818328e-01
2.385083272727272774e-01
-3.654407990909090964e-01
3.433391181818181565e-02
7.075162181818182017e-01
3.037010090909090798e-01
3.218385045454544846e-01
4.159809409090909349e-01
1.788027590909090636e-01
4.541339845454545610e-01
3.161797727272727676e-01
2.167727072727272664e-01
1.747574636363636580e-01
2.129323209090908664e-01
-5.699707814406229645e-02
2.638476173913043565e-01
6.869646235301751780e-01
2.275815817326411472e-01
-2.211240822972096176e-01
3.280080455418559193e-01
3.276887696171317255e-01
7.442092669305645503e-01
3.452149926281635195e-01
2.683139847631407782e-01
3.121359315639195553e-01
3.518511275275794659e-01
2.809546996885139980e-01
2.920622097404282913e-01
2.874215377222582579e-01
2.997633579818300142e-01
3.242562287605451066e-01
2.971603221155094121e-01
3.693414619013627442e-01
3.540366848150551249e-01
2.837813079688513707e-01
2.767893736275146011e-01
2.990915780207657471e-01
3.202546955483451807e-01
9.293459096041534195e-02
1.541095210317975639e-01
2.614983347955873172e-01
4.147156996106424187e-01
2.943283353017521198e-01
3.039862201427644406e-01
2.917241886696950171e-01
4.275141392277742036e-01
2.924647921414665896e-01
3.157296229007138244e-01
2.935921284231018946e-01
6.213690737832578553e-02
4.686205094743670779e-02
2.903752084815054979e-01
3.233994160480208047e-01
1.901671206813757564e-01
3.145966494094743493e-01
3.228428160220635501e-01
3.529545695781959869e-01
3.176925221155094126e-01
3.311892198377676677e-01
2.524372280661907886e-01
-2.718723887800129635e-01
-6.740708619078521202e-02
3.241907945749513131e-01
3.122219393705386037e-01
4.303347163595068747e-01
3.698875896950032383e-01
2.528987411550940867e-01
3.378217506943543280e-01
2.416313835366644958e-01
3.863428929656067545e-01
-8.208722837118753723e-02
1.624530843478260989e-01
3.225711228487994631e-01
2.031692823036988782e-01
4.792115009085010785e-02
4.370692404672290587e-01
3.203659185983127600e-01
2.407730557819597605e-01
2.952036984166125921e-01
3.556804143867618451e-01
-5.477338502687412181e-01
3.077997306294201207e-01
2.873077008415841904e-01
2.383474751768036026e-02
2.995606897524752954e-01
2.932384447524752358e-01
4.608384484865629682e-01
3.114702665983027363e-01
2.636906938330975669e-01
1.948223724398868706e-01
4.161487380905233846e-01
3.044893970155587160e-01
3.101688213861386045e-01
4.456613496958982124e-01
2.740633778147100186e-01
2.364841967114568455e-01
4.880572606930692614e-01
3.853843683804809017e-01
3.914305276661951827e-01
2.335852600353607034e-01
4.743886724964639368e-01
6.290043829561527133e-02
1.275914277157001731e-01
3.300549025459688646e-01
3.079493602333804869e-01
2.987153567538896604e-01
3.913889473479491010e-01
3.054539736492221103e-01
4.268042512376237774e-01
3.048854737765204770e-01
3.385701425247524821e-01
1.063818881046676157e-01
2.902991966478076225e-01
3.348886570155586995e-01
3.013377534229137455e-01
2.861506342220650478e-01
1.201771142715700180e-01
-1.288901407637906560e-01
4.030387990099009721e-01
4.077982110113153591e-01
3.208532135855727829e-01
2.863405109759546985e-01
3.326329475247524758e-01
-3.435694915134369920e-02
3.481524972277227348e-01
3.346329990169731317e-01
3.842100848797737056e-01
3.099624443069307067e-01
2.572277690664780403e-01
-5.273333868458259140e-03
3.134938259688826445e-01
3.735825517114568228e-01
3.050783821570013932e-01
1.102502269236209365e-01
5.318770462376238850e-01
4.867836114497878230e-01
-4.850055122842998889e-01
2.103733874045261576e-01
1.994658304172560181e-01
3.627255285572842936e-01
2.825476429349363383e-01
2.850750204879773930e-01
2.488926771570013907e-01
3.553847266548797457e-01
2.955738132461103174e-01
3.101723337906647782e-01
1.449607583224967466e-01
9.619397684655396630e-02
3.057585350975292604e-01
2.860005676462938906e-01
2.547588529843953231e-01
3.358886301690507392e-01
4.525161827113134416e-01
7.917996598244473327e-01
2.503742713328998559e-01
2.944162459427828171e-01
1.933834742132639894e-01
2.871171292847854439e-01
1.775952001300390090e-02
2.737641782899870035e-01
3.206716963914174601e-01
2.937988134655396544e-01
5.877850880364109826e-02
3.505335310468140064e-01
2.664612538101430728e-01
1.733058849414824132e-01
3.111786436215864815e-01
3.104311116710012919e-01
3.312852960533160251e-01
3.765743032769830467e-01
3.824675418205462085e-01
2.269938341547464156e-01
8.579270481144362151e-03
-2.866878918075422833e-01
2.905841231339401642e-01
4.158345818855656573e-01
2.681687296814044275e-01
9.821892181404420774e-02
4.717050802145643651e-01
2.944785774642392773e-01
3.111480881274382160e-01
4.410948072236670625e-01
3.958826989466839863e-01
3.328246230754226542e-01
2.828390652535760497e-01
2.818308335110533136e-01
3.303687055721716281e-01
2.825322805851755992e-01
4.594478175357608052e-01
2.720399226007802485e-01
3.926413816644993005e-01
2.762755461053316153e-01
3.157300246553966239e-01
3.639300236085825646e-01
2.726815452795838812e-01
2.354773132444733241e-01
1.101026788426528041e-01
-3.182556857867360200e-01
3.101314041157346990e-01
3.106948378348504680e-01
3.013125545383615322e-01
3.389428369505852467e-01
3.341544023732119228e-01
5.131699956046813504e-01
2.185746392067619559e-02
2.542711368270481609e-01
2.783075295643693270e-01
7.122381408322497887e-02
1.017912083159947939e-01
2.213200849804941583e-01
4.864250478023406377e-01
4.655223899414825395e-01
3.795939866190785050e-01
4.054255233874107800e-01
2.710254381570408877e-01
2.854378633225178596e-01
3.581955016872161862e-02
2.545522462297209465e-01
2.931849079948085635e-01
2.585632292018170686e-01
3.376887885269305722e-01
-3.808657356975989616e-01
2.723310207592472554e-01
3.943272002985074853e-01
2.030453300259571214e-01
2.241384234652822882e-01
3.336007877287475720e-01
3.128034360609993625e-01
8.977224750811162168e-02
3.017641083711875560e-01
2.969681328293315992e-01
3.220866982738481710e-01
3.576609557105775439e-01
3.342211200519143444e-01
3.305491256716417969e-01
3.657231067813108139e-01
2.846355271317326241e-01
-3.070496623880597520e-01
5.548931632511355794e-01
7.905697988319252550e-03
3.979323652563270808e-01
4.287671623361453688e-01
2.952532524853990759e-01
3.293703117715769402e-01
1.309520196625567900e-01
1.186584570084360662e-01
2.098510345814406375e-01
3.963198301103179055e-01
3.151416778844906008e-01
4.788210045035691254e-01
3.342428558728099408e-01
8.485595236210252690e-02
2.369317254704737252e-01
3.184653462946139268e-01
-1.061464406424399431e-01
3.408857620506165476e-01
3.588562141661258975e-01
2.828028319987021533e-01
3.760622334458144089e-01
2.814473255353666659e-01
3.325522796495781752e-01
3.391166738092148414e-01
1.821281974886437283e-01
2.014217808436080392e-01
3.235282813822192849e-01
2.930678312978585720e-01
4.093523682024658994e-01
2.678328005970149195e-01
4.705337671576898528e-01
5.372287600389358264e-01
3.655821559571706403e-01
4.006561939584685761e-01
2.580893982478910109e-01
4.141281963075924555e-01
7.930839755223879628e-01
4.716490138870862991e-01
2.995600543478260658e-01
2.492607482024659371e-01
3.068574752067183553e-01
3.648521412984495615e-01
3.214918199095607165e-01
4.171371380555555786e-01
2.978414262273901825e-01
3.587339264082686774e-01
3.114144279780361457e-01
4.858280189857880904e-01
2.973442159496124115e-01
4.066907775452196505e-01
-1.561156764147287046e-01
2.846223868669250923e-01
3.129206385529715306e-01
3.189407497997415741e-01
3.287586968798449916e-01
2.238399195413436626e-01
2.556927879651162971e-01
3.103017958139535071e-01
3.267363111627907268e-01
6.922770757105943529e-02
4.448703782881137103e-01
4.449105514276486262e-01
3.122521271770026252e-01
4.375247883074935284e-01
2.354119529005168077e-01
1.354565017829457152e-01
1.132304792700258161e-01
1.176603149031007906e-01
3.048060805620154690e-01
4.324312101679586573e-01
2.427439259302326124e-01
3.195046287919896533e-01
3.241408632558139269e-01
3.538672168669250162e-01
3.264047192377261264e-01
4.247109590762274678e-01
2.179641156976744043e-01
2.397191783527131415e-01
3.457705200452196315e-01
1.640423040956072442e-01
1.081051320865632909e-01
2.490433094767441902e-01
3.516705354521963978e-01
3.285252913565890887e-01
2.821354249354005028e-01
4.521342652842377241e-01
1.595645627131782873e-01
-8.995856222222223253e-02
-2.739696996124041124e-03
2.717063520413436906e-01
8.286565094961240163e-02
4.280418257299741791e-01
4.261070609625323136e-01
5.965028255684754477e-01
1.175537082687337295e-02
3.417511685142118893e-01
3.538911121447028685e-01
3.441906459237725757e-01
4.427098607881132381e-02
2.800683363242894020e-01
3.515266239664083248e-01
3.089180147803617937e-01
2.650415984366925048e-01
2.858902402131782705e-01
2.968695795671834059e-01
2.240233846899223127e-02
