-3.664652342604711732e-01
-6.124043003534030971e-01
-6.356834338939790774e-01
-4.443730775654450293e-01
-5.153712791688481731e-01
-5.315955647447643262e-01
-1.683145277676701301e+00
-5.714995456151832354e-01
-7.186408160536649214e-01
-4.213935753795811645e-01
-5.492322043651832741e-01
-4.888970664005235500e-01
1.209969499345550474e-02
-6.458017513416230981e-01
-4.653376612958115000e-01
-1.959592543979057633e-01
-6.150964734620418817e-01
-1.624106139378272085e+00
-2.610472800130890225e-01
-4.638166020942408596e-01
-5.376755591557591529e-01
-5.393208437827226032e-01
-1.371676221086387315e+00
-4.577914337696334934e-01
-5.782743627879580739e-01
-6.615241181151831906e-01
-4.817009789136125764e-01
-5.816566708769633776e-01
-4.523703699672774747e-01
-6.173066548363874695e-01
-5.789567450261779991e-01
-2.984889568782722602e-01
-7.471882949999999468e-01
-4.434816450000000354e-01
-6.471001166666666415e-02
-4.432029633333333662e-01
-1.813852368333333187e+00
-4.787030199999999791e-01
-7.319237900000000741e-01
-2.332609149999999854e-01
-1.172009783333333305e-01
-7.817444366666667088e-01
-5.636688216666666529e-01
-5.971948416666666981e-01
-5.265326183333333132e-01
-6.322452183333333586e-01
-6.149833866666666315e-01
-4.240001499999999646e-01
-6.207596566666667703e-01
-5.062805683333332363e-01
1.484140616666666801e-01
-6.089611433333332879e-01
-4.399339300000000286e-01
-3.612501633333333739e-01
-1.596967733333333195e-01
-1.772910693333333176e+00
-2.237623805000000132e+00
-4.447754016666666810e-01
-4.746660900000000960e-01
-1.171933546666666492e+00
-5.202380999999999256e-01
-1.501146145000000098e+00
-3.284951849999999673e-01
-5.353260966666666398e-01
-6.546754205584416342e-01
-5.520170011558441781e-01
-4.872639142337663043e-01
-8.318472943961039423e-01
-5.208927200259740875e-01
-3.527985643961038531e-01
-6.279552222727272648e-01
-5.545330617467533196e-01
-6.140769239025973825e-01
-9.983727537597403279e-01
-3.568605292727272671e-01
-3.032868458636363562e-01
-3.408800821493506161e-01
-4.318974051558441829e-01
-1.675022214935064924e-01
-2.964988282337662207e-01
-6.605670428961039065e-01
-7.116923364610390212e-01
-5.206205678376623069e-01
-6.204796491688311377e-01
-4.257393252922078153e-01
-7.383779422207791265e-01
-4.429521022467532987e-01
-2.345651256948051711e-01
-5.553364820194804929e-01
-5.274019131038960584e-01
-6.290745138376623302e-01
-6.144525935454546728e-01
-4.176810203896104134e-01
-4.269135746233766460e-01
1.266949399610390603e-01
-5.202650596233766578e-01
-5.038927496997389621e-01
-3.318740374543080462e-01
-8.080562871018276416e-01
-4.180731210509137652e-01
-7.140624821409922163e-01
-6.888930942950391989e-01
-2.210650327806788495e-01
-7.833968461488250989e-01
-2.810551831919059773e-01
-6.206612913315926461e-01
-8.455490187467361585e-01
-3.956355270757179188e-01
-3.123018562467362869e-01
-7.619583411488251024e-01
-4.226484079569191032e-01
-6.865869726174935739e-01
-1.325156228590078367e-01
-8.581908063903392891e-01
-7.122928302023499025e-01
-6.354618704634464876e-01
-2.815041623629242484e-01
-2.435353582180156407e-01
-8.117750982310704133e-01
-4.146542234073106736e-01
-5.460502787010442782e-01
-7.516203082898172960e-01
-6.387242125261095582e-01
-4.854686280809398791e-01
-6.787229825587467458e-01
-8.366618931135769710e-01
-8.373747644778066768e-01
-7.811707267428199541e-01
-6.116995597189542888e-01
-1.865248081764705745e-01
-7.247849811503268569e-01
-9.146178997516338782e-01
-4.741832293660130926e-01
-5.441997395490196787e-01
-6.294772005228758127e-01
-6.175762352810457712e-01
-5.092867753660130781e-01
-1.366209607254902092e-01
-5.281169013267973389e-01
-4.001070234705882411e-01
-6.736843897647059043e-01
-6.981605751241830582e-01
-4.227606822222221838e-01
-7.231359274183005725e-01
-5.467676210065359754e-01
-6.563711415555555373e-01
-4.451026300980391870e-01
-5.650917513660130842e-01
-7.148629965228758820e-01
-7.301459932091504124e-01
-4.995632262026143966e-01
-2.616444768823529277e-01
-3.002736149869281168e-01
-6.412716025620914806e-01
-5.651724262222223016e-01
-2.822234330065359620e-01
-6.352132220392157080e-01
-4.759594232941176672e-01
-5.279473163137253788e-01
-3.009389642287582101e-01
-6.514816299281983580e-01
-6.340048105352480423e-01
-6.075604980744125916e-01
-3.723805206266319057e-01
-6.029802674412532149e-01
-1.508063154046997312e+00
-6.258722617036552860e-01
-5.044038612140991917e-01
-1.061927854281984329e+00
-3.401713155744125472e-01
-5.765042927937336081e-01
-6.071635837793732948e-01
-3.962889746736292240e-01
-6.387595464882506180e-01
-4.640539017689295775e-01
-6.298674970822454311e-01
-9.008749624477806472e-01
-6.533916165796345155e-01
-5.352453392232375817e-01
-3.831222401958224166e-01
-5.200606672389033180e-01
-4.316023715861618815e-01
-6.534152014360313787e-01
-4.026751423107050032e-01
-7.123690198759791148e-01
-5.854236088838120633e-01
-4.845423460182767816e-01
-6.339280918211488425e-01
-1.092765675130548259e-01
-6.254128661618798546e-01
-5.106473078981723646e-01
-5.775359094321148579e-01
-3.873805758495460494e-01
-7.007666407652399787e-01
-5.414734012516213557e-01
-3.291754057392995980e-01
-6.371200925097276757e-01
-6.234288161219195823e-01
-7.507441320881972358e-01
-6.611598494617380029e-01
-1.540011480492866625e+00
-5.670125246562904842e-01
-9.327928814980545047e-01
-4.045248943774319428e-01
-5.984431208884565256e-01
-4.381368166796368313e-01
-4.443648335667964577e-01
-4.770206603566796710e-01
-6.487946737937743125e-01
-6.443052066277561440e-01
-6.861607367769131383e-01
-3.850790467639428893e-01
-2.673278430933851979e-01
-6.737842629896237945e-01
-6.241465600453955931e-01
-5.543403531063553213e-01
-7.742804321465628359e-01
-5.231085918741893437e-01
-2.646011860505836366e-01
-5.539609799416342906e-01
-3.755301189494163472e-01
-3.398208035927367532e-01
-8.423829473540854762e-01
-6.637360640920881849e-01
-5.883098973656618602e-01
-6.803482360353866332e-01
-5.804158356487549852e-01
-1.873956205373525641e-01
-7.232983981454783606e-01
-5.744741945150720897e-01
-5.950002835386630773e-01
-2.365405773132371881e-01
-5.723059907339449470e-01
-5.755925696723459550e-01
-2.722803380275229390e-01
-1.009609952352555684e+00
-1.168657626979030084e+00
-5.027847994364351703e-01
-7.579235434076014855e-01
-5.270084318676278023e-01
-6.028237752817824369e-01
-1.007537369895150636e+00
-3.049127704259501637e-01
-3.732711416579292396e-01
-5.915582416382699771e-01
-6.048319036828309070e-01
-4.321378716644823648e-01
-6.042270421821757109e-01
-4.808809589187417188e-01
-2.196605714154652722e-01
-5.725367648689383415e-01
-9.599685015727388304e-02
-6.562799849344691516e-01
-6.134874601245084991e-01
-1.234932868833551689e+00
-4.309151593119265877e-01
-3.214115371400778076e-01
-3.966131677431906088e-01
-4.307607328534370783e-01
-1.600952369195849656e-01
-7.630654366407262357e-01
-6.369436804993514611e-01
-4.075737486575876090e-01
-6.282368566342412253e-01
-2.675433109662775366e-01
-7.550587016342411584e-01
-6.566044071465628740e-01
-4.951126103501946041e-01
-7.348840792023346724e-01
-5.433742266601816473e-01
-6.468260031906614138e-01
-2.243045313813229469e-01
-6.331528906939040136e-01
-6.314019918482489668e-01
-4.569859330609598036e-01
-1.461492672762645939e-01
-5.411875453826200388e-01
-6.427366004798962251e-01
-5.382462665564202720e-01
-7.746972629636835750e-01
-5.116054597924772906e-01
-2.581644655771725416e-01
-6.087525473281452104e-01
-3.064779003047989892e-01
-3.278460713683528649e-01
-5.953416701945525302e-01
-4.028122665629053079e-01
-8.874789593385214170e-02
-1.975356066319290393e+00
-3.101600190687361230e-02
-4.213271912860310220e-01
-2.885169074944567424e-01
-3.974674076496673703e-01
-5.449960478270510222e-01
-1.439429492949002132e+00
-5.144558843458979513e-01
-9.434398719512195886e-01
-4.041749348780487305e-01
-3.868662730376939973e-01
-6.357211654101995180e-01
-4.264781428159645227e-01
-5.093864462305986995e-01
-3.719785799113082270e-01
-5.915493514634145855e-01
-5.083370936141907714e-01
-3.364028772949002599e-01
-1.892083605144124325e+00
-1.787477744146341196e+00
-5.848927726164078189e-01
-5.128502198004434298e-01
-3.614228458536585253e-01
-5.735896541241686242e-01
-6.090172531263858824e-01
-5.510439662084257728e-01
-4.523372857427938598e-01
-6.961031446563193947e-01
-5.784117849889134355e-01
-5.480968630155210741e-01
-7.161983507760530387e-02
-1.932169341507760540e+00
-5.346457681900826930e-01
-3.518803848925619038e-01
-6.309489183636364240e-01
-2.938239902066115405e-01
-5.542747483801653274e-01
-4.340218870247934402e-01
-4.284588675123967016e-01
-3.141732382479339170e-01
-7.599472497685950678e-01
-7.023273071487603492e-01
-3.988202312561983098e-01
-5.481382130413222642e-01
-2.733460944132231063e-01
-3.486533939008264471e-01
-3.403209262809918090e-01
-5.345250617272726545e-01
-6.655108762644629250e-01
-2.880389510991736013e-01
-2.213793427520661383e-01
-8.140724677024794298e-01
-2.583620115537190731e-01
-2.557208173057851086e-01
-5.165695714793389071e-01
-4.959292300082644434e-01
-6.525966436942148841e-01
-5.881365186198347361e-01
-6.344525401735537917e-01
-7.765874311900825555e-01
-1.353515125785123896e+00
-2.552052969917355529e-01
-6.215167892479338541e-01
-7.223077791487603205e-01
-4.870306866666666568e-01
-3.466594233333333275e-01
-6.770187766666667661e-01
-7.974820266666666768e-01
-5.421821100000000504e-01
-6.424768566666666514e-01
-3.205742899999999840e-01
-2.144434573333333205e+00
-6.700955500000000953e-01
-4.751764666666666304e-01
-3.846579966666666128e-01
-4.561528066666666881e-01
-7.923939100000000346e-01
-3.724033399999999716e-01
-5.261429533333332742e-01
-5.911107499999999071e-01
-6.870277599999999874e-01
-2.980793899999999996e-01
-4.344441699999999629e-01
-6.162811266666666787e-01
-3.766183066666666246e-01
-1.935432533333333316e+00
-4.157862699999999578e-01
-2.551804799999999873e-01
-8.464733833333334401e-01
-6.110917599999999839e-01
-7.109157600000001187e-01
-2.791700000000000292e-01
-9.299386466666667017e-01
-2.651973846666666912e+00
-6.333901133333332822e-01
-6.453660733333334010e-01
-5.904642628337696264e-01
-5.836753035929320710e-01
-7.442334997905759586e-01
-1.570151754090314045e+00
-6.416330554777486261e-01
-5.457499420746073637e-01
-6.906159038285339946e-01
-3.020295103468586539e-01
-5.913468519895288544e-01
-5.987628134424084481e-01
-6.907758001963351102e-01
-5.422129948625654672e-01
-1.001020326832460783e-01
-6.597652404188482089e-01
-9.585605142670156065e-02
4.245114206151830855e-02
-6.981263649541884497e-01
-6.326987185471204533e-01
-3.427516816034031355e-01
-4.630851316492147207e-01
-4.583143267146596589e-01
-2.566435636321989788e-01
-6.382112620680628901e-01
-3.922349290575915526e-01
-4.980483838023559984e-01
-3.771592717473822298e-01
-3.809377810994764579e-01
-2.679110366623036477e-01
-5.692461143455497252e-01
-4.283287851897905618e-01
-6.662892839856021654e-01
-4.176092775850785421e-01
-3.693929612031250365e-01
-1.387519107171875099e+00
-2.114722301562499962e-01
-1.146645378812499949e+00
-3.478998315000000341e-01
-6.371548278593749393e-01
-3.001214238593749584e-01
-4.757566277656250509e-01
-4.969377518281249406e-01
-5.156946559999999735e-01
-3.328211704062500331e-01
-6.582822133593749792e-01
-4.917518458437498685e-01
-4.721376041093749976e-01
-1.425790292578124951e+00
-7.173425917968749843e-01
-5.787161410468749656e-01
-5.120392709375000129e-01
-5.898501016562500698e-01
5.127086292187499339e-02
-2.067135528750000117e-01
-4.828213583437500067e-01
-4.945561770468749896e-01
-1.754408368593750045e-01
-1.695147278296875060e+00
-5.684977783281249808e-01
-3.125062617500000139e-01
-4.323517560937499837e-01
-6.090796823124999815e-01
-6.371609180624999702e-01
-9.756965435156249589e-01
-2.881752221406250203e-01
-5.149548112837392111e-01
-5.513403446148782416e-01
-5.790923719881501119e-01
-5.176764368400263994e-01
-4.424327328176432261e-01
-2.571784829822251206e-01
-2.768690914680710935e-01
-3.397914659907834145e-01
-6.714700486372613408e-01
-5.621277983607637641e-01
-3.504527953653718830e-01
-2.807183004410796490e-01
-4.224210564713627436e-01
-6.115293699868333821e-01
-3.105221585845951426e-01
-3.682636610994075022e-01
-5.608427603225807356e-01
-4.996678888413429998e-01
-6.723481584002634071e-01
-6.498627040947992928e-01
-2.364669314944042033e-01
-2.316886308229098024e-01
-6.007303864845293662e-01
-6.941020935878867704e-01
-5.800860024094799394e-01
-3.847862004608295083e-01
-4.422628115799868143e-01
-7.119977026596443492e-01
-6.290675676366029867e-01
-5.632381741079658388e-01
-6.133157188545095284e-01
-3.704934952600394404e-01
-5.523638118211920967e-01
-7.006218094039735611e-01
-1.266652917781456944e+00
-1.144381129701986799e+00
-7.297758872847681655e-01
-8.055120294370861078e-01
-5.068468473509933903e-01
-5.346688834105960408e-01
-5.239792995364239703e-01
-8.913845877814570162e-01
-4.738411682450330842e-01
-4.872807460596026985e-01
-5.674652056953641832e-01
-4.057082700993377422e-01
-1.075313285099337851e-01
-1.453760403973508759e-02
-8.017203235761589664e-01
-1.797995441821192308e+00
-2.714484035430463349e-01
-1.533343817549669141e-01
-7.407627199337748491e-01
-8.640067161920529371e-01
-4.525354635430464123e-01
-2.590808963907285101e-01
2.350355295364238428e-01
-4.648131138410596663e-01
5.534075596026479318e-03
-2.466968177483443991e-01
-2.234033886423840709e-01
-5.833321456291390428e-01
-5.615397394701986400e-01
-5.478368885761588647e-01
-6.530726679453835448e-01
-4.262442295383615520e-01
-4.598069270611183090e-01
-7.255030198699610189e-01
-3.929080223927178261e-01
-6.124105664499349677e-01
-5.967131369310793021e-01
-4.531391373211963169e-01
-3.903757440832250070e-01
-5.916272721976593152e-01
-4.807356018140442333e-01
-6.007635304161247358e-01
-1.471809281983095019e+00
-2.690126265994798316e-01
-6.284876300065018739e-01
-6.469115133810142693e-01
-6.406267465734719613e-01
-6.137501664889467579e-01
-5.486228531144343723e-01
-6.303812156436930936e-01
-4.712693505721716192e-01
-4.831875959687906286e-01
-7.291238753641092751e-01
-4.669844993302991187e-01
-6.214409679193757530e-01
-6.357976846879063171e-01
-2.903033294148244514e-01
-5.434794910663198753e-01
-5.436252381794538513e-01
-7.733927295448634887e-01
-6.416069987191157509e-01
-4.808151142912874265e-01
-6.205653820428015388e-01
-6.667345112386511286e-01
-5.007867758365759370e-01
-4.232987986511024814e-01
-5.960434635862515984e-01
-6.082805213294423252e-01
-5.649665821400778887e-01
-6.450240411089495085e-01
-6.200482131971466471e-01
-6.345535443255512220e-01
-4.996969222114137632e-01
-3.566572851426718649e-01
-3.882398203112840673e-01
-3.318247890142671519e-01
-3.266775430479895714e-01
-6.053375527172503157e-01
-4.741647150518806808e-01
-4.762411297211413541e-01
-5.468103428404670341e-01
-4.528421385149156708e-01
-5.502727059208819549e-01
-6.325916340337224275e-01
-6.846335473670557281e-01
-1.323806450194552564e+00
-2.923573072892347025e-01
-4.057008928534371339e-01
-2.827711098054474514e-01
-6.230074549351490854e-01
-4.718972684306095844e-01
-4.462810574513618733e-01
-2.665506492217897816e-02
-5.760197493839169791e-01
-6.063890193519119176e-01
-5.788603093583927217e-01
-6.695192147634477786e-01
-3.762392328515878348e-01
-4.408457811211924371e-01
-6.969250224886583966e-01
-2.412231869151004737e-01
-5.679981474335710212e-01
-5.121514875631886232e-01
-5.907538051393389500e-01
-9.255182979066750582e-01
-6.586604304795852238e-01
-6.979725451717433415e-01
-3.311567099416721227e-01
-5.265534498509397698e-01
-4.483505852365522459e-01
-4.571879481075826757e-01
-5.829054549578742694e-01
-6.934363474141282957e-01
-3.642573321840569811e-01
-6.666494582501619748e-01
-4.568468144069993686e-01
-5.634735782696046469e-01
-3.847801084964355689e-01
-6.060836289630588958e-01
-5.243551438302009871e-01
-5.954399896500323086e-01
-7.975151052495138559e-01
-2.976868637783538496e-01
-6.067954333182112858e-01
-1.245831380848995584e+00
-1.759539748956578054e+00
-1.040776411506221244e+00
-6.840436856777996066e-01
-2.870230816895874004e-01
-6.656417871316306911e-01
-3.725247114341846966e-01
-5.290671527111984185e-01
-5.530770522069416995e-01
-5.624240042174197818e-01
-4.222886015782580382e-01
-4.753681863130320706e-01
-5.135404211591355628e-01
-2.969741397314996645e-01
-1.683827221938441365e+00
-4.345880352128356217e-01
-4.069617043680419100e-01
-4.105894323575638993e-01
-5.299801364571055107e-01
-6.319853604322199780e-01
-4.509370685396201783e-01
-6.381185506417812459e-01
-6.652844886444007066e-01
-3.588166135625409647e-01
-1.323023766240995602e+00
-5.799453483955467892e-01
-6.846444429207595439e-01
-5.256548821938441529e-01
-7.523606629600523288e-01
-4.893165346823837303e-01
-6.046841185723641487e-01
-4.796388614341846601e-01
-5.109920078388997533e-01
-6.842537585265227040e-01
-5.405751323479397463e-01
-5.122259493067364833e-01
-3.649550497318508890e-01
-2.156572099345978322e-01
-7.363720822236755614e-01
-6.785981475343362268e-01
-5.912313618508828750e-01
-6.049135643230869608e-01
-3.033439122367559970e-01
-4.532359819359057518e-01
-3.090085218378024745e-01
-4.618985168737736458e-01
-3.210153408044473244e-01
-6.902700083649444540e-01
-7.127371772661869054e-01
-2.861063823348593549e-01
-6.279736532177894182e-01
-1.499431462609548849e+00
-5.152152501438849175e-01
-3.568195979463701928e-01
-4.931724353629823310e-01
-6.480100737737083394e-01
-1.694344688816219469e-01
-6.491078123871811822e-01
-6.375662510137344308e-01
-5.142829146108567340e-01
-4.025112575735774745e-01
-7.252215015369521955e-01
-7.676363494179201385e-01
-7.529452569260954853e-01
-2.693656571550032686e-01
-3.260126774493132817e-01
-6.874618382198953714e-01
-8.358817329123036100e-01
-5.826485467473822011e-01
-5.652649959685863701e-01
-6.152387952879581068e-01
-5.816777649672775219e-01
-4.387802167146597210e-01
-6.574185001243455506e-01
-5.271673475523559471e-01
-1.482916257395288373e-01
-5.881791515183246721e-01
-4.781904522643979361e-01
-6.678301707526177466e-01
-2.965289392342931318e-01
-6.229640827748691434e-01
-2.101964829973821669e-01
-2.842730735732984515e-01
-5.333231439332460910e-01
-6.571179465510471607e-01
-5.434377448625653528e-01
-7.596151436060210038e-01
-5.811751634554974677e-01
-6.566038599869110648e-01
-6.883233872643979012e-01
-7.416264368651831473e-01
-6.369633018586386974e-01
-5.556696778599476971e-01
-7.092567203141361132e-01
-5.476838720091622426e-01
-7.406193323102093773e-01
-4.150651060013088589e-01
-6.766999435143977726e-01
-4.004425020730116858e-01
-5.957710038917861661e-01
-3.276269860756192975e-01
-3.554404657170795456e-01
-5.849039603389830644e-01
-4.839729624380704198e-01
-7.136716206649282856e-01
-7.090960151173402171e-01
-7.057772093024771154e-01
-3.230161053650587033e-01
-6.255282978357236123e-01
-3.104071323663624704e-01
-6.175277623598436350e-01
-5.206052490026076285e-01
-6.171676371773142655e-01
-6.822104060104301482e-01
-1.660653325664928515e+00
-2.630173784745762910e-01
-6.967273178878747864e-01
-4.133493275619296026e-01
-7.060693146675358634e-01
-5.985265566036506169e-01
-5.980044557887874701e-01
-2.010538885071707915e-01
-6.102356954758800800e-01
-1.498016922164276399e-01
-8.545144726792699430e-01
-7.004349619947848327e-01
-6.496114331421121157e-01
-3.094506327183833005e-01
-5.555199487353323917e-01
-6.221899194328551763e-01
-4.558235822236756385e-01
-5.049678959908436848e-01
-3.758712384172662735e-01
-6.706349995945061204e-01
-4.823304771615434805e-01
-5.511822042119032261e-01
-1.031342015107913623e-01
-1.021907245559189104e+00
-4.948937815827338382e-01
-6.612041580313930966e-01
-3.917744823937214238e-01
-7.764044137671680668e-01
-4.902246761870503455e-01
-3.305395441988227545e-01
-5.987001043165467162e-02
-5.745927088162197105e-01
-6.551601109352518382e-01
-3.625082048070634166e-01
-4.010565911510791115e-01
-7.326781759646828762e-01
-5.674377685676913474e-01
-5.765811560627861487e-01
-4.469546095225637172e-01
-7.494464206474820145e-01
-6.873643345454545361e-01
-7.396744241922825758e-01
-6.837310516873773558e-01
-6.832570055788097507e-01
-6.732863325637671315e-01
-4.801272710333551186e-01
-5.485360535971223195e-01
-2.231782810856769161e-01
-5.857848100000001557e-01
4.133190997914497344e-02
-4.748969301251303454e-01
-2.020797144421272173e-01
-1.475527928873826999e+00
-5.688496306256517476e-01
-6.520966718143900165e-01
-6.655912203962460749e-01
-3.579691283628780307e-01
-7.943055216162669963e-01
-4.935193793117831351e-01
-6.341241157872784528e-01
-5.969712550052136413e-01
-4.894804289989572732e-01
-7.758984147549531363e-01
-4.162183885088633906e-01
-3.640752120333680675e-01
-2.680119552763295387e-01
-4.652345303232534035e-01
-3.786441799478623693e-01
-4.665949808654848985e-01
-2.773876078310740234e-01
-5.758914819186652378e-01
-5.291770260062564901e-01
-4.988260952659019365e-01
-1.497061218946819761e+00
-5.940053774973931278e-01
-5.484214069447341799e-01
-5.689371053910323717e-01
-4.667343953180396188e-01
-1.014763111366006332e-01
-4.839974141293014176e-01
-5.693054680376867793e-01
-4.271794430864198078e-01
-2.298293997141000466e-01
-5.307726957959714165e-01
-5.533151054905783850e-01
-6.273678923716698996e-01
-5.905100904483431279e-01
-4.949537202858999563e-01
-7.361096498180637049e-01
-6.018981487914230044e-01
-6.772544763742690543e-01
-4.407278423586744043e-01
-3.117800893957115016e-01
-4.374845594087068967e-01
-7.111482861078622930e-01
-2.035871553931123679e-01
-5.693683828589993778e-01
-4.648475173814164974e-01
-6.207223066211825513e-01
-5.190426280701754269e-01
-5.592940490318388802e-01
-7.057654670110461437e-01
-9.989373745354127587e-01
-6.092452135477582909e-01
-3.701649455685510626e-01
5.610476106692657838e-01
-6.922764096751137242e-01
-6.950514672059778798e-01
-5.648350766991552252e-01
-8.394935802339181796e-01
-2.570416903833652386e-02
-5.097648618388563868e-01
-4.857043600000000017e-01
-7.700793150000000420e-01
-5.071755700000000200e-01
-3.819713550000000124e-01
-4.180996100000000104e-01
-1.177152600000000160e-01
-5.780032150000000701e-01
-8.995669250000000172e-01
-5.674345149999999727e-01
-1.607398085000000032e+00
-4.183717049999999826e-01
-4.934002450000000151e-01
-6.200445450000000580e-01
1.399555050000000078e-01
-6.633459649999999819e-01
-3.850152550000000007e-01
-9.109068200000000060e-01
-4.720532299999999903e-01
-6.017627850000000223e-01
-9.127727949999999701e-01
-3.745211150000000155e-01
-3.006103500000000261e-01
-5.720613999999999422e-01
-6.432869549999999936e-01
-6.718051550000000427e-01
-6.240958850000000169e-01
-3.345457299999999856e-01
-6.562479349999998934e-01
1.381807999999999925e-01
-7.385278950000000453e-01
-8.335334999999999273e-03
-4.336186399999999996e-01
-2.555659035329341244e-01
-5.137989764670658488e-01
-5.944302513772455887e-01
-5.464061539520957966e-01
-2.069070887185628482e+00
-2.383125022754491174e-01
-5.568661550898204027e-01
-8.329995783832335743e-01
-5.871835960479042660e-01
-6.506742940718563961e-01
-8.483489266467065804e-01
-7.727375431137724071e-01
-5.703238320958083918e-01
-6.127762733532934325e-01
-5.555918483233532879e-01
-5.009362491616766722e-01
-4.411985735928143915e-01
-5.315146560479041549e-01
-6.089209750898202378e-01
-3.768464273652694652e-01
-6.521782103592814739e-01
-5.840733373053893507e-01
-7.024277156886227225e-01
-6.668578977245509520e-01
-2.465076444311377624e-01
2.915496134730538591e-01
-1.645805322155688699e-01
-3.601332116167664799e-01
-7.256563537125748642e-01
-5.169510558682635093e-01
-3.505786450898203399e-01
-4.178265420359281168e-01
-5.868627725549806495e-01
-6.593525041461837377e-01
-6.302281260802069518e-01
-7.338526926843467191e-01
-6.469163559443725786e-01
-6.146769992755498624e-01
-5.609467399223803108e-01
-5.640198434928849203e-01
-7.330193137063389930e-01
-4.877584414165588300e-01
-6.581229224062096206e-01
-7.889550675032339644e-01
-4.790227320892626039e-01
-5.964515153686933413e-01
-4.998374290232859285e-01
-4.000215678395859786e-01
-4.068059860608019829e-01
-5.920716380659767353e-01
-4.800734187968951905e-01
-1.763603093790427553e-02
-5.806935349417852166e-01
-2.661660484734799659e-01
-5.698429550258732323e-01
-3.301724096830530586e-01
-6.626259039909444537e-01
-2.295842547736093309e-01
-6.170344437904269341e-01
-6.922018613195342063e-01
-4.928798250323415120e-01
-6.532701650129365545e-01
-1.652862851377749243e+00
-4.647132575614489336e-01
-2.584171052553329573e-01
-4.273743631803490484e-01
-7.166022510989010774e-01
-5.129273905300580916e-01
-6.511555916871363259e-01
-6.873287921331610040e-01
-7.421780798642534371e-01
-7.123274896703296610e-01
-6.123931431092437538e-01
-6.295100239495797778e-01
-6.505472179702649349e-01
-3.357318199612152609e-01
-5.713448979250160820e-01
-3.503004552682611461e-01
-5.948188228442146119e-01
-7.225745920232709008e-01
-4.771285106916612895e-01
-5.780910447963800713e-01
-7.042595115319973953e-01
-5.771118309372980093e-01
-5.675994596186165753e-01
-6.832798668713639945e-01
-7.350641811182933028e-01
-3.248560112992889271e-01
-5.027238407627666605e-01
-3.944212985520362258e-01
-5.064581579767292174e-01
-2.288799614608920396e-01
-5.640986560439560371e-01
-6.816824458435680745e-01
-4.774037468713638876e-01
-4.423104970846800654e-01
-5.217720662387097530e-01
-5.780620013225806764e-01
-4.025251511354838718e-01
-7.394339736709678590e-01
-4.622324667096774364e-01
-6.813409193483869197e-01
-6.883628046903226272e-01
-5.654794479290321529e-01
-6.285769941612903144e-01
-2.008653780967741831e-01
-4.856265662645161130e-01
-3.874789936387096900e-01
-6.386307169161290487e-01
-6.676294096193549077e-01
-2.045827345354838678e-01
-4.575090487419354313e-01
-4.548442317612902963e-01
-5.946745013096774723e-01
-6.208971581419354679e-01
-1.950875919161290384e-01
-2.954776088451613325e-01
-5.556886801612903604e-01
-6.515227124580644791e-01
-5.905666975354838533e-01
-5.723283568645161079e-01
-7.681533624967743501e-01
-3.646243169290322439e-01
-7.432455243161290026e-01
-4.263564511677419011e-01
-7.029856148064517196e-01
-5.116274400645161036e-01
-6.335772379677419019e-01
-6.291149102209226962e-01
-6.776293434113062064e-01
-5.011767625146198446e-01
-7.432961107277452628e-01
-4.369289982651072268e-01
-6.182051724236516943e-01
-4.092435077647822994e-01
-4.416537583560753988e-01
-4.857349428200129493e-01
-5.878602994152046790e-01
-5.078792243989603827e-01
-7.013879821507472689e-01
-7.164027203053930926e-01
-5.035785944119558488e-01
-2.386962400584795585e-01
-4.099046284275503216e-01
-5.782913730799220664e-01
8.394111590188434446e-01
-6.296914316699154801e-01
-5.837317032553607232e-01
-5.914067940480832730e-01
-3.030598080636777159e-01
-6.763812804353476205e-01
-4.589703650812215208e-01
-5.314895490513320553e-01
-6.088841720337881958e-01
-7.915863584275502074e-01
-6.962768282391164076e-01
-6.131025296946068792e-01
-6.541613502404158842e-01
-5.335234400714750080e-01
-1.103270352280701694e+00
-5.141754978737114179e-01
-2.109830433827319385e-01
-8.588723435438144760e-01
-4.491317818041237198e-01
-4.071695799291237261e-01
-5.813882115657217353e-01
-6.946441175708764071e-01
-5.340901598260309191e-01
-2.683129307925257723e-01
-5.359546470940720342e-01
-2.679572133311855509e-01
-4.659518422551546246e-01
-7.310991746456185769e-01
-5.563477181314432363e-01
-6.240811169587628937e-01
-5.684662255219071758e-01
-5.190147763015463545e-01
-6.124774183634020819e-01
-9.938338108118556224e-01
-6.121003882216494718e-01
-4.954343992590206636e-01
-6.249933788659793876e-01
-8.027058148582475461e-01
-4.304409280283504891e-01
-4.374673538466495315e-01
-5.393293975902062609e-01
-1.017695657113402152e+00
-3.745112093685566967e-01
-4.679321640721649800e-01
-5.686351209987113853e-01
-3.576711826739690792e-01
-6.403633568814431909e-01
-6.667350685248041309e-01
-4.884942253133159329e-01
-7.306057143733681869e-01
-1.971437184007833188e-01
-4.491416317819843518e-01
-6.325943623172324282e-01
-8.350862121018276518e-01
-6.505418084530025791e-01
-5.906346536227153887e-01
-8.350047434334203489e-01
-3.274863728263707752e-01
-6.017173504960835473e-01
-3.564304791840731124e-01
-3.531167435900783302e-01
-1.414075275326370784e+00
6.065270202088772766e-01
-6.823836053590078832e-01
-8.286154951044386596e-01
-5.674702609595300151e-01
-5.373177297193211244e-01
-6.345249720496083379e-01
-5.742229689490860878e-01
-3.067687630548303068e-01
-6.652653342036553286e-02
-6.538620065469973319e-01
-3.559298623302871722e-01
-6.948027046475194757e-01
-6.590896150522194130e-01
-4.526287340600522180e-01
-4.917339954503915922e-01
-5.156511826109659857e-01
-6.363736501892950370e-01
-4.370901027272727779e-01
-5.030367054545454852e-01
-8.714011745454545155e-01
-9.069699809090909781e-01
-3.899158272727272223e-01
-5.044101463636363469e-01
1.409526363636363737e-02
-6.253333127272726610e-01
-1.769294893636363719e+00
-6.383980718181818670e-01
-4.397606863636362440e-01
-3.489648163636363543e-01
-9.460950009090910440e-01
-5.753948481818181859e-01
-6.185774836363636675e-01
-5.955427054545453514e-01
-7.679232854545454678e-01
-5.827494381818182356e-01
-6.060928036363636418e-01
-7.171894699999999956e-01
-1.700746545454545344e-01
-2.201819120909091154e+00
-6.615886636363635942e-01
-5.516007590909092206e-01
-5.839925199999999039e-01
-6.261106836363636852e-01
-5.400354263636363283e-01
-5.098325845454545480e-01
-8.151399154545454495e-01
-5.207345445454545363e-01
-4.844685745454546111e-01
-1.547981981818181696e-01
-5.687255739454899484e-01
-3.599224600324464340e-01
-5.020682568786501987e-01
-6.193829143413366774e-03
-5.721601235171966948e-01
-6.719462926086955390e-01
-5.690138146268657326e-01
-5.444138861388708728e-01
-8.415645235561323989e-02
-6.350254904218041174e-01
-6.725978237248538827e-01
-7.134851475665153764e-01
-5.166960914600908783e-01
-3.042589260090850511e-01
-5.578201197469175865e-01
-6.442053142764438967e-01
-6.333077805061647636e-01
-5.658293603504218616e-01
-3.698422062297209156e-01
-3.072552934652822421e-01
-3.078935168007786993e-01
-5.231806697404283168e-01
-3.387213404477611989e-01
-6.578281381505515224e-01
-4.014016184555483369e-01
-6.103113509928618230e-01
-7.457077466255678244e-01
-5.574007002725503979e-01
-1.234955080778715075e+00
-2.080785530953926099e-01
-1.332998559461388677e+00
-4.024099878260870011e-01
-5.277667696039604062e-01
-6.011932752192361562e-01
-5.948672899646393342e-01
4.452532693069308212e-02
-1.038155866859971743e+00
-4.995408179490806733e-01
-6.100260224186704328e-01
-2.792395430834512249e-01
-7.203975760254597294e-01
-6.032643998019802112e-01
-4.416539814214992532e-01
-6.496802600000000094e-01
-7.425345245120227311e-01
-2.520839671852899699e-01
-7.669585503041017605e-01
-6.812919888543140789e-01
-5.240434111103253745e-01
-7.783581882036775257e-01
-7.392300681966054166e-01
-4.529887715417255656e-01
-3.111792275742574221e-01
-1.673964104879773485e-01
-6.089566096817539131e-01
-9.826490386704386237e-01
-6.603324900707213674e-01
-3.234431639179632390e-01
-5.817059131046676823e-01
-4.773820782319659339e-01
-2.904991555728430042e-01
-6.252591411598302784e-01
-3.485747097383309900e-01
-6.398758875530414711e-03
-3.542257355331598911e-01
-4.238409490832249493e-01
-2.662404813524056890e-01
-4.754386147009103114e-01
-6.650017011898569086e-01
-6.117739833940182281e-01
-3.230386553446034092e-01
-5.300222616710013046e-01
-6.943443119895967852e-01
-2.780866120156046950e-01
-7.199504088426528225e-01
-6.180192885175552764e-01
-3.291704690572171410e-01
-4.272125614694408102e-01
-7.648471955461638716e-01
-6.326143918725617432e-01
-4.337517681534460712e-01
-6.492163003576072455e-01
-1.473233057997399009e-01
-5.418607092067619924e-01
-5.630778530039012297e-01
-6.102654601690506997e-01
-4.928221693172952222e-01
-4.268357285500650744e-01
-2.905908172886865759e-01
-5.903965540247073651e-01
-2.600515889011703607e-01
-4.090669724122236728e-01
-1.512462104239271854e+00
-6.162730979388816310e-01
-5.818051773797138226e-01
-4.062926546684005324e-01
-1.475757999792342456e+00
-9.333893697598961980e-02
-5.952206799415963312e-01
-1.260647135528877305e+00
-7.318494164049319517e-01
-6.374479688578844616e-01
-5.338190638416612233e-01
-6.119437860025956910e-01
-5.988285441336794745e-01
-7.314112963659961109e-01
-3.364704739065541572e-01
-4.892588068202465834e-01
-4.692447769240752908e-01
-4.592186746138871012e-01
-5.552069143997404588e-01
-4.737427864503568897e-01
-7.519095087929915655e-01
-6.805478593835172507e-01
-4.231571446138870929e-01
-1.909338691434133428e-01
-6.320531091174561578e-01
-6.514004284555483526e-01
-5.829343972290720322e-01
-4.869611183452303704e-01
-7.498519179428941861e-01
-3.237774669759895807e-01
-6.812576121739131185e-01
-2.058541881505515925e-01
-5.823311293900065300e-01
-4.490748387735236657e-01
-5.701262332057105420e-01
-4.118887137832576428e-01
-4.247560168927648760e-01
-5.638094583720929531e-01
-4.751548787338500390e-01
-5.516802496834625202e-01
-4.565875922545220011e-01
-3.261790402067183403e-01
-5.318753204263565459e-01
-4.423960091214469981e-01
-3.830158082428940514e-01
-5.041111818281653889e-01
-6.276453630490955726e-01
-5.032683527002583812e-01
-4.625757867571059778e-01
-5.435176282299741812e-01
-7.306044116408269007e-01
-6.140483928940568825e-01
-5.588532509883721300e-01
-7.896587047480619903e-01
-3.839433339276486223e-01
-3.688924274031007422e-01
-7.136536620090438987e-01
-5.924161285981912606e-01
-3.257467967377261076e-01
-7.328691678359173789e-01
-5.936756674741601181e-01
-6.931876026873384777e-01
-3.994246247351421197e-01
-6.435894422351421396e-01
-6.639098511692506088e-01
-6.942104452777778656e-01
-8.033789817441860936e-01
-7.419385771963824538e-01